0
493
0
645
0
0
0
478
0
0
0
0
0
466
0
0
0
0
467
0
0
0
0
493
547
0
0
0
509
0
0
0
0
0
481
0
495
0
511
523
511
0
0
0
0
0
0
0
523
0
0
0
0
0
0
0
470
465
0
0
589
552
676
0
0
0
0
0
0
0
491
0
0
464
0
466
0
472
0
0
495
0
573
0
514
510
0
0
0
0
593
489
510
0
501
0
0
0
0
0
596
0
509
0
0
470
0
0
0
594
469
0
516
0
0
0
0
0
504
0
0
0
0
475
551
0
0
0
0
0
0
466
527
0
0
0
0
574
0
0
637
464
516
522
0
0
0
495
0
0
0
0
589
0
501
518
0
0
524
0
547
470
0
511
0
0
0
522
0
584
0
0
0
513
0
589
0
0
0
0
0
488
0
0
0
0
466
0
519
622
504
0
492
489
0
491
0
0
537
0
0
0
0
0
0
552
0
468
0
0
0
0
0
0
0
0
0
0
0
0
612
530
0
0
0
0
0
0
0
0
518
494
0
0
0
531
522
521
488
0
0
0
0
0
462
508
488
527
0
0
586
0
0
477
0
0
0
475
0
486
0
472
0
482
472
476
501
0
0
0
0
0
0
0
0
0
0
504
0
0
462
537
567
476
0
0
470
0
0
535
0
0
463
0
0
0
0
0
474
0
0
536
0
545
559
531
0
0
0
0
0
490
0
0
0
647
0
559
0
0
503
516
0
0
0
0
481
504
524
0
495
0
0
0
0
466
589
0
0
0
467
0
531
0
472
637
0
0
479
509
0
0
0
0
0
0
515
0
577
0
481
0
0
525
0
0
0
0
0
475
0
0
0
0
0
0
0
0
524
0
0
0
531
0
0
0
0
0
0
514
521
551
0
0
482
0
0
0
524
0
0
475
0
0
0
525
472
0
0
0
0
0
467
0
0
491
0
0
0
0
0
0
0
0
519
0
484
0
0
587
0
489
509
0
0
0
482
491
0
0
0
0
0
0
592
464
596
495
0
0
0
0
0
0
0
0
0
0
0
0
508
0
0
473
505
0
536
0
0
515
0
0
0
484
494
0
0
491
0
509
531
0
469
0
0
0
472
0
612
0
0
0
0
0
0
567
0
0
479
0
0
596
478
0
0
0
491
0
0
0
540
0
0
0
0
0
0
0
501
0
497
0
0
0
504
0
523
0
0
0
0
0
510
568
0
0
0
0
0
0
647
0
0
475
0
0
532
0
0
497
466
0
0
0
509
0
0
0
0
0
510
0
0
0
515
496
0
0
520
0
476
0
0
0
586
0
0
0
532
614
0
0
478
553
0
0
495
481
0
646
493
0
0
0
0
513
582
0
493
471
0
0
0
0
0
0
0
0
0
508
496
0
0
0
503
494
486
0
477
485
591
0
590
531
0
0
0
540
0
690
0
0
0
0
515
512
0
648
0
0
0
465
503
0
0
0
497
0
0
0
0
490
0
0
0
527
0
0
0
528
0
0
527
481
0
0
482
588
0
513
507
0
462
0
0
477
0
489
0
467
482
0
0
0
514
0
524
0
0
0
483
0
532
0
470
485
0
0
467
0
0
517
0
0
0
0
525
480
0
0
0
0
510
464
0
0
519
514
0
0
504
0
0
0
0
0
0
0
520
0
495
504
0
0
516
475
0
507
527
0
0
0
573
0
0
524
0
489
496
0
547
467
493
0
0
0
496
568
0
0
0
0
501
0
0
0
0
0
509
0
0
517
474
0
0
0
0
0
0
559
0
0
0
470
0
0
511
520
480
0
0
548
0
558
0
0
501
490
513
595
549
0
509
486
0
0
473
470
497
0
591
0
0
467
511
0
462
0
0
0
0
0
0
532
0
587
516
0
0
0
506
527
0
584
515
0
0
473
0
0
511
0
0
573
531
0
0
0
0
514
497
0
500
0
0
591
0
0
0
518
501
0
517
532
478
0
503
0
0
0
467
0
0
0
0
0
474
0
0
0
491
505
528
0
0
518
552
0
0
495
0
0
0
0
0
0
528
0
495
0
0
482
0
0
594
0
0
0
0
479
494
0
0
0
0
482
467
0
532
0
0
0
0
0
0
0
0
560
500
0
0
520
0
0
474
509
0
0
0
0
520
509
0
0
497
0
0
0
503
524
533
0
0
0
512
0
0
0
555
463
497
0
0
533
0
0
0
0
501
0
0
0
0
0
0
515
0
0
527
0
0
0
492
620
0
518
612
0
533
0
464
525
0
0
0
525
0
0
0
517
0
0
475
0
0
0
0
0
570
0
568
0
528
507
0
0
511
0
0
0
0
0
0
0
0
0
591
0
0
0
509
0
0
0
0
0
531
476
0
0
584
471
462
0
0
511
0
0
0
0
505
0
520
465
0
0
0
0
0
0
589
0
474
0
465
481
570
0
0
497
0
0
0
0
0
508
525
0
531
0
0
476
0
0
0
645
570
0
0
0
0
0
0
589
0
0
0
0
490
0
483
0
0
462
510
0
0
0
0
0
509
491
0
525
502
0
0
0
0
532
0
0
0
0
0
0
0
0
0
0
0
0
565
0
496
0
470
0
0
0
502
490
0
0
0
0
0
566
0
489
0
0
0
585
488
475
0
507
0
0
0
0
0
0
0
0
0
542
503
472
0
0
589
470
0
0
0
0
0
0
500
0
467
0
0
0
0
0
531
528
464
0
0
0
0
0
483
0
508
0
481
0
502
0
0
0
631
501
0
0
0
474
0
0
0
524
513
0
516
0
0
0
503
0
0
583
0
501
510
592
466
504
0
488
519
0
0
0
0
524
0
0
0
0
489
0
528
0
0
0
531
0
0
0
0
0
0
0
0
0
489
674
0
0
589
0
0
0
531
0
0
0
477
506
572
0
0
0
533
488
0
0
471
519
484
0
0
474
0
0
519
467
0
0
0
480
0
0
0
490
0
528
0
558
0
0
0
0
0
0
0
0
567
0
0
0
0
489
0
0
507
0
642
0
0
573
621
0
559
0
0
0
0
472
0
0
0
0
0
495
0
0
0
507
583
0
500
0
466
0
0
599
0
0
488
0
0
0
587
464
494
556
0
0
0
0
0
0
0
0
0
0
0
587
0
468
470
0
0
0
585
0
524
0
475
0
0
0
499
0
0
0
0
549
0
589
0
0
0
0
0
0
0
0
0
0
0
589
0
0
0
0
0
0
587
0
502
0
0
0
0
0
491
0
0
0
531
0
0
0
0
0
476
599
0
0
0
0
0
0
0
0
0
0
464
0
0
0
0
0
0
522
481
0
0
0
0
0
559
0
0
583
0
0
0
0
0
0
0
0
0
0
485
0
487
0
0
505
0
515
0
0
0
0
0
0
0
0
517
0
0
0
0
528
489
0
0
0
0
528
0
467
505
0
0
0
0
0
0
0
0
0
0
468
0
0
0
0
0
0
0
512
0
0
0
589
509
0
0
0
466
503
0
0
0
516
474
0
0
0
0
490
0
531
0
507
0
0
504
0
0
0
0
0
649
0
0
518
0
0
0
0
0
0
0
593
0
589
482
0
547
510
0
0
579
0
522
0
625
475
0
501
0
0
0
0
0
539
0
0
0
516
0
573
0
0
0
0
537
0
589
0
475
0
0
0
487
632
0
527
593
0
466
587
0
503
496
0
0
0
0
480
0
552
0
0
0
0
483
0
0
0
0
621
482
0
0
0
0
525
533
521
488
488
599
462
519
0
0
0
0
0
0
507
0
492
0
0
0
0
0
474
0
470
497
0
705
0
0
0
0
0
0
461
0
516
0
0
0
0
0
0
0
531
0
0
0
0
0
470
0
0
462
0
0
470
0
0
0
0
542
520
0
0
0
0
0
504
0
566
0
0
488
0
0
514
475
519
0
0
0
0
0
0
0
0
589
0
0
0
0
482
0
503
0
527
0
0
517
0
0
558
517
0
462
0
0
0
0
466
479
492
0
478
0
524
623
0
0
0
0
0
0
0
0
0
580
483
0
573
0
0
0
580
0
0
524
593
497
477
0
0
0
0
0
499
517
504
0
0
581
0
0
0
653
467
496
0
0
0
0
503
0
579
484
0
0
0
0
0
705
590
540
0
481
482
0
466
0
466
0
0
504
525
0
487
568
557
0
0
481
0
0
511
0
0
705
0
0
0
0
0
0
513
0
0
0
0
0
481
515
0
0
0
0
0
507
511
564
0
469
599
0
0
0
675
0
0
0
0
0
0
476
0
0
467
653
0
0
0
504
0
0
0
0
0
0
0
647
0
467
0
0
0
0
0
0
631
0
0
0
0
479
0
0
603
0
0
0
492
503
0
511
0
0
482
0
0
0
0
463
473
553
0
468
0
0
547
518
580
0
522
512
0
0
496
0
562
0
0
0
0
477
0
475
511
589
524
0
0
0
496
470
0
0
511
0
0
0
0
0
0
592
0
0
0
480
0
647
0
0
562
533
0
0
0
0
0
0
0
558
0
0
0
0
0
0
0
0
0
0
685
491
561
625
519
467
0
0
494
0
0
0
491
0
0
0
0
519
0
0
0
473
0
499
0
0
0
0
637
0
468
507
481
571
0
589
0
0
504
0
0
569
0
0
0
0
595
511
0
492
0
648
0
0
0
538
0
0
0
588
0
0
0
0
0
0
0
0
509
0
0
0
0
493
586
0
503
0
598
0
0
0
539
636
0
0
0
0
0
482
0
490
0
0
489
486
0
0
0
648
0
0
0
0
0
489
0
576
0
0
0
0
0
0
0
520
0
0
484
463
0
495
0
0
0
531
0
558
0
0
0
0
0
0
0
501
675
507
0
466
484
528
0
622
507
0
0
0
0
0
0
487
0
0
0
0
0
0
0
0
0
0
0
492
0
0
550
0
0
0
501
476
517
0
0
0
0
0
0
0
0
0
0
639
525
0
660
0
504
0
0
0
0
477
0
0
0
0
0
0
493
0
0
0
0
0
0
589
0
586
0
0
0
0
0
0
487
0
0
584
0
0
0
486
463
633
0
0
463
478
0
0
0
0
0
0
520
0
483
0
0
0
0
497
0
0
516
0
472
0
0
479
0
0
0
518
493
0
588
0
467
0
467
0
0
0
0
0
511
464
0
0
0
0
0
0
508
0
0
0
502
0
0
0
0
490
0
555
0
0
0
0
0
0
0
0
0
490
478
0
0
0
488
0
0
0
0
0
475
504
604
0
0
0
0
0
0
0
0
0
0
0
466
479
666
660
528
0
618
469
488
0
0
0
0
0
0
0
0
685
0
471
0
0
488
0
0
0
469
0
0
0
528
0
0
0
0
464
0
483
0
634
0
0
0
636
466
0
0
0
484
634
494
528
0
0
0
522
0
0
0
0
0
0
0
592
0
510
0
0
612
0
505
0
0
515
0
0
0
505
472
0
505
466
0
0
0
0
0
0
511
0
0
506
540
521
480
0
540
517
0
0
476
0
466
636
0
520
0
0
0
0
0
0
506
0
0
491
0
0
0
472
523
0
501
0
0
0
0
0
0
0
0
0
0
549
0
0
461
528
466
0
0
590
0
528
668
0
0
0
592
497
532
0
467
0
0
0
516
0
476
