0
0
0
0
0
0
100
99
0
0
0
0
0
0
64
0
0
0
0
64
0
0
80
139
0
0
0
0
62
0
0
0
0
137
54
0
55
0
65
0
124
0
0
0
0
225
76
0
0
133
59
0
0
0
0
0
0
62
0
133
82
61
0
0
225
0
0
127
0
0
146
0
0
113
0
0
68
57
0
0
0
0
0
0
0
77
0
0
0
0
94
96
0
0
82
0
0
0
94
0
0
0
0
73
86
0
0
74
0
0
110
100
126
144
0
72
0
0
88
0
136
56
0
0
0
0
0
0
0
0
0
0
109
0
0
0
0
0
0
0
138
0
120
0
0
0
0
119
0
0
0
0
225
0
0
0
0
71
0
0
0
97
0
0
0
84
0
75
0
0
96
0
70
0
0
0
0
0
0
0
0
0
0
101
0
0
0
0
0
0
65
225
76
0
103
0
0
0
101
0
0
0
0
0
0
60
50
56
0
73
0
62
99
0
97
0
0
0
78
0
68
0
0
146
109
0
0
0
0
0
128
46
0
0
0
0
0
0
0
69
0
0
0
0
93
0
0
0
116
95
0
76
0
78
225
107
0
0
0
0
0
0
113
74
98
0
87
0
0
98
0
99
0
0
0
0
45
0
0
0
82
95
86
0
127
67
113
67
70
0
0
0
61
0
92
0
0
109
0
0
0
121
0
0
0
109
0
0
112
0
0
0
0
85
0
73
0
121
0
100
0
100
0
95
93
73
0
102
0
52
0
0
0
0
82
110
88
0
67
0
0
0
0
0
0
133
136
0
0
0
0
65
0
0
0
0
0
0
0
0
0
61
0
109
73
0
0
0
0
111
0
0
0
0
0
0
100
78
0
0
115
103
81
73
0
72
0
0
100
0
102
0
0
0
0
0
0
0
0
0
0
118
0
0
82
112
0
0
0
0
0
0
57
0
0
111
51
0
100
123
0
83
0
0
151
0
0
0
82
0
0
0
0
0
0
82
0
0
137
98
0
0
0
0
68
0
0
0
0
0
0
0
0
90
0
0
101
0
138
0
0
0
0
115
0
0
81
144
0
80
0
0
0
0
153
66
0
225
66
103
0
0
0
0
0
103
98
0
68
0
90
0
0
0
0
0
0
0
114
57
0
95
0
48
0
0
0
0
0
0
0
0
90
0
149
0
123
85
0
0
0
0
130
0
88
0
0
0
0
0
0
89
0
87
84
0
0
0
0
0
73
0
0
225
0
0
0
0
0
88
110
0
0
57
0
0
0
0
0
93
225
0
95
0
0
0
0
120
0
114
135
0
0
0
165
0
0
177
0
88
135
0
0
0
0
0
0
75
0
200
128
48
0
0
0
0
134
0
129
98
0
0
0
225
0
225
0
0
0
0
87
0
0
0
82
128
76
0
0
106
97
0
87
85
81
0
0
0
0
0
0
0
0
0
117
0
0
73
0
0
0
225
0
0
0
0
65
61
0
0
79
0
0
0
76
0
114
111
0
109
0
48
0
0
0
0
0
0
0
0
118
82
66
101
225
0
0
103
0
0
0
0
0
0
225
0
132
0
0
0
106
56
49
0
101
0
0
0
0
71
76
0
0
0
0
0
225
0
0
74
0
0
0
123
0
0
0
93
103
0
0
0
0
0
100
72
124
132
0
0
57
100
152
0
0
0
95
0
0
61
0
0
87
0
0
0
0
0
0
79
0
56
128
0
0
0
0
0
0
94
117
83
88
85
109
0
0
72
51
0
0
117
114
0
0
0
0
0
0
0
0
167
0
0
0
0
0
0
98
0
75
0
0
0
0
0
0
0
64
0
0
0
0
0
0
0
115
0
0
123
0
92
109
56
0
151
0
0
0
73
0
89
0
0
0
96
127
0
0
0
0
0
117
0
65
0
63
116
0
115
0
179
0
87
0
89
0
0
0
0
65
0
0
0
0
96
0
91
0
0
51
51
101
120
95
0
100
121
0
93
0
0
0
70
0
0
89
0
48
225
83
0
109
0
73
0
0
0
0
0
0
68
0
0
0
65
0
0
0
0
0
0
0
0
50
0
0
59
0
0
145
139
130
138
112
75
0
0
0
0
62
136
0
72
0
0
0
172
51
0
54
151
0
0
82
0
155
0
0
0
0
153
0
90
111
114
0
0
0
96
0
0
0
0
0
0
0
0
162
61
0
69
0
103
0
60
0
0
51
0
0
0
132
0
0
107
0
123
0
0
109
158
76
68
81
80
68
59
78
0
120
125
0
86
0
109
82
0
0
0
61
0
110
71
0
0
0
51
0
0
0
0
132
127
0
0
0
0
0
0
131
85
0
0
57
0
90
0
0
0
0
0
84
0
0
0
138
113
0
72
132
99
66
0
0
0
0
65
0
0
0
0
0
165
0
103
0
0
0
166
154
0
110
0
132
74
0
0
0
148
0
0
0
84
0
0
0
0
82
0
0
103
75
0
0
0
148
0
0
0
151
98
135
0
51
0
0
129
0
148
0
0
0
82
0
0
0
0
0
88
0
0
0
0
85
0
0
0
79
0
98
152
0
0
0
0
92
0
0
0
0
0
169
0
0
0
0
0
0
0
0
0
0
0
0
0
90
0
0
103
0
0
0
0
0
85
0
0
68
0
0
0
0
0
0
0
0
0
0
98
90
125
0
0
0
72
0
0
0
0
51
0
0
0
0
0
109
162
0
132
0
0
0
0
0
0
0
0
0
0
0
0
85
0
0
0
133
0
0
0
0
0
0
157
134
0
0
0
124
72
72
0
0
0
88
0
0
0
0
94
111
85
0
0
131
144
0
0
0
0
123
0
68
0
0
0
0
0
0
0
121
0
0
0
0
0
109
0
0
0
0
0
0
0
95
73
97
0
0
79
225
0
80
51
0
0
0
89
152
0
0
88
98
0
74
143
0
114
98
76
0
0
0
0
0
0
0
0
0
0
116
119
0
123
0
0
0
0
83
133
100
0
87
0
85
0
69
0
0
0
0
0
0
0
0
88
0
0
0
0
68
0
0
0
0
0
0
0
0
0
0
49
107
127
91
0
102
112
0
0
0
59
0
112
0
98
0
0
0
0
128
134
0
0
175
0
0
0
128
0
0
0
0
92
0
57
0
0
0
53
0
0
78
0
99
0
0
0
183
80
0
0
100
0
0
137
0
0
0
0
0
0
0
0
0
0
184
86
70
0
0
106
85
0
0
0
0
0
0
0
0
0
0
86
0
0
146
225
0
0
70
0
137
106
82
0
91
90
0
99
0
0
137
0
113
98
61
109
0
0
0
0
75
173
0
62
0
0
0
113
0
0
0
0
0
0
0
0
0
0
62
97
0
0
0
150
89
0
0
0
0
0
0
0
0
0
0
110
0
0
0
0
0
75
0
0
53
225
0
0
0
0
0
0
225
0
0
0
0
91
0
0
0
57
89
120
0
0
84
119
225
225
58
0
225
86
0
77
0
93
0
0
0
0
96
0
114
0
0
0
0
0
130
109
110
126
189
0
0
0
0
0
158
0
0
0
0
91
0
0
86
0
0
0
0
95
0
107
0
0
0
0
0
0
107
0
103
0
0
0
0
0
122
0
62
0
65
0
0
0
0
0
0
147
0
0
0
0
0
0
172
0
0
80
0
0
0
133
0
145
0
0
110
0
150
86
0
0
0
0
0
225
0
163
0
0
0
0
225
0
0
134
0
0
98
0
0
0
0
0
0
225
0
152
95
80
76
0
0
137
0
0
0
0
0
156
0
0
84
0
68
116
0
97
0
0
0
0
0
0
0
96
0
0
137
84
225
0
0
0
0
0
49
0
129
132
137
0
0
0
0
225
225
0
0
146
0
68
0
0
225
0
0
0
225
107
0
0
59
0
0
0
199
200
0
90
110
0
0
0
0
0
0
0
0
0
0
0
130
0
125
0
0
76
0
110
0
0
126
225
0
0
82
0
0
0
0
107
0
0
72
0
0
176
0
76
103
225
88
0
0
0
0
0
107
129
95
0
101
0
0
0
0
0
66
0
0
103
0
101
0
0
0
75
99
0
0
0
0
0
0
0
0
0
73
56
89
0
0
90
0
0
0
95
80
0
0
0
0
0
0
0
0
0
0
96
0
0
89
0
0
0
0
110
0
72
88
225
0
101
74
0
0
0
0
225
0
0
0
0
89
0
0
0
0
0
0
0
0
0
225
0
0
0
225
0
0
0
225
0
0
0
0
0
225
0
0
0
0
73
0
0
71
0
139
0
225
0
225
225
0
0
0
225
0
0
0
0
0
0
0
0
0
0
0
0
225
139
0
0
225
0
0
0
225
225
0
0
0
0
225
0
142
0
0
0
0
0
0
0
0
115
173
0
199
0
156
0
0
96
0
0
0
0
0
0
0
0
120
225
225
0
225
150
56
0
100
225
0
0
0
0
0
0
225
0
0
0
0
0
0
0
225
0
0
225
99
225
0
225
225
123
120
0
0
0
103
143
137
165
0
0
0
0
225
0
0
0
58
0
0
0
77
60
112
202
57
103
86
129
0
69
0
82
55
0
0
0
0
0
200
0
124
0
0
0
0
107
0
133
0
0
0
54
0
225
0
0
81
0
0
225
0
0
0
64
0
0
0
74
225
0
73
0
0
0
157
0
132
0
0
0
225
0
86
75
0
0
0
0
72
0
0
0
0
89
225
0
97
195
0
82
0
0
225
132
0
129
0
0
0
0
0
0
0
0
0
0
0
0
73
77
116
80
0
0
0
0
0
0
0
214
0
0
0
0
0
225
0
96
0
0
0
0
0
0
225
225
165
0
0
0
0
0
0
0
0
0
0
0
0
0
0
0
0
0
0
225
0
0
0
0
225
0
0
142
49
94
0
0
0
0
0
0
0
0
0
0
0
0
110
0
0
0
225
0
0
225
225
225
0
0
0
0
0
109
0
0
0
0
0
0
225
225
0
225
225
225
225
0
0
131
225
0
125
0
0
0
0
0
225
0
225
0
146
0
225
0
96
0
94
0
115
0
111
61
0
0
96
61
0
85
0
0
0
0
0
0
85
0
0
0
0
0
0
0
225
85
0
98
155
0
136
0
95
176
0
129
0
95
225
225
0
0
225
225
107
0
82
0
113
0
0
0
0
124
0
0
0
55
0
142
0
0
0
0
0
0
162
0
134
92
0
137
0
0
0
0
98
114
0
192
0
77
0
0
49
0
72
0
0
0
0
0
225
0
0
0
0
0
0
58
94
0
0
0
0
225
0
68
62
225
0
100
0
0
52
0
0
0
91
0
0
0
218
137
0
0
0
219
0
95
0
225
0
225
0
0
113
0
0
0
154
132
0
225
0
0
146
0
0
74
154
0
0
0
0
0
77
0
0
0
225
0
0
0
80
0
0
0
0
71
0
88
0
0
0
0
147
0
0
99
73
0
225
76
0
215
0
0
0
225
97
149
0
225
0
81
0
124
0
76
221
114
146
110
134
0
0
0
0
0
0
0
225
225
0
0
139
0
0
225
225
0
0
0
0
82
48
0
0
0
0
0
0
97
0
129
0
0
110
110
0
0
0
0
107
133
0
0
86
0
88
0
0
56
0
98
96
85
0
72
