0
1
2
3
4
5
6
4
7
8
9
10
9
11
12
13
14
15
16
17
18
11
9
1
19
6
20
14
21
16
22
23
24
14
25
26
4
27
9
28
14
14
7
0
9
29
9
30
14
8
31
32
1
33
9
6
34
35
34
8
14
10
36
37
11
16
37
14
38
16
32
23
13
18
39
11
0
40
14
35
7
27
14
4
9
41
42
24
43
14
15
6
9
21
21
4
21
44
15
14
16
10
45
6
46
34
47
48
49
15
11
14
14
50
2
22
51
21
41
15
14
40
16
17
24
6
24
19
14
47
52
11
24
49
24
17
47
53
9
33
8
34
14
9
20
45
4
54
10
14
40
5
4
28
21
9
17
9
24
37
19
16
7
55
47
6
3
9
9
14
9
12
14
14
50
6
6
21
2
6
56
48
16
45
57
33
11
6
9
11
41
41
35
28
58
4
14
11
4
10
53
9
0
6
48
10
17
40
9
6
57
21
23
23
16
9
59
6
14
60
0
19
4
22
24
6
14
37
49
44
1
5
14
0
16
41
50
14
5
14
5
6
12
61
16
14
5
14
10
15
14
35
20
16
38
53
9
11
14
7
47
16
18
5
58
40
62
3
50
58
63
4
29
9
6
20
5
45
12
16
16
0
17
64
14
9
18
16
14
41
59
65
35
42
9
3
28
24
16
7
35
66
14
67
36
24
14
10
9
11
59
35
28
6
28
42
21
2
28
35
21
6
46
55
6
6
35
14
9
21
54
68
6
45
33
11
65
14
10
63
40
48
4
32
18
8
14
15
4
45
9
41
53
65
14
12
9
24
0
6
5
35
47
24
6
50
41
10
5
11
14
19
14
52
0
67
6
27
14
12
10
35
28
6
47
12
3
14
6
50
4
37
0
16
63
58
25
69
14
40
40
11
11
14
16
24
24
16
9
60
18
16
40
21
41
38
21
8
6
18
15
49
11
28
9
5
25
66
33
57
44
70
9
60
21
26
63
16
37
58
24
9
52
14
0
18
16
22
28
0
64
4
9
9
10
63
28
41
1
71
11
14
40
10
9
27
38
50
14
6
35
37
2
63
1
16
59
70
16
21
14
28
11
26
6
6
58
14
0
15
9
23
28
9
21
57
59
6
10
40
67
15
24
8
27
16
64
21
3
62
11
21
14
57
49
4
41
6
9
20
41
3
1
24
65
12
14
45
0
12
9
3
9
57
6
22
6
40
4
12
42
3
6
16
14
14
17
21
72
9
11
41
60
40
41
14
50
45
3
9
12
14
15
0
14
62
9
40
27
10
18
17
11
9
57
12
39
0
9
65
44
57
16
10
21
6
54
5
37
26
1
8
55
32
20
36
25
52
1
58
37
53
24
50
14
33
0
43
6
58
57
24
11
59
28
1
49
9
16
5
16
23
57
9
16
48
65
24
16
69
4
22
10
15
14
3
24
42
24
8
21
16
45
10
73
24
41
10
49
24
14
55
35
10
9
15
18
11
21
24
30
8
16
63
13
5
63
20
22
22
14
14
16
48
41
19
4
33
4
7
23
24
14
14
50
42
14
33
45
15
64
7
17
34
34
3
4
35
40
21
17
9
60
6
16
27
24
24
74
5
35
9
9
18
16
6
9
14
58
54
41
74
47
14
6
12
20
10
9
26
40
45
50
34
14
11
61
14
9
10
14
37
57
41
14
9
24
59
40
14
19
40
1
24
53
14
62
14
14
61
14
47
62
6
24
57
24
22
21
16
59
14
10
4
14
14
17
7
22
54
14
47
13
16
16
6
21
8
58
14
68
37
9
16
17
45
21
63
21
20
24
14
9
5
28
16
10
16
9
10
16
48
24
40
21
64
47
41
21
6
51
41
11
24
59
15
14
16
29
40
21
9
14
0
38
10
27
10
15
19
72
21
9
65
24
14
10
44
28
50
41
10
21
14
12
15
48
9
23
6
21
21
12
14
0
65
45
18
59
6
40
9
50
14
22
14
16
50
8
16
46
9
24
75
6
21
20
6
51
22
63
0
4
50
0
9
60
40
54
28
37
63
44
24
20
14
21
11
33
18
24
14
24
14
21
5
16
14
28
0
19
60
3
12
14
14
9
10
21
47
17
14
28
42
17
9
70
27
24
6
9
12
13
16
41
10
6
37
14
6
47
14
9
27
21
22
58
67
10
35
41
14
22
36
11
27
4
9
12
61
6
17
33
24
62
15
35
14
6
10
24
50
46
0
28
41
0
11
41
27
18
24
64
23
50
24
42
0
44
41
40
45
11
14
14
14
11
21
14
41
22
9
14
14
24
0
64
16
30
4
14
6
3
48
40
24
16
22
59
15
21
45
6
21
45
14
44
18
14
22
34
58
16
49
15
21
28
9
37
40
9
14
9
34
50
9
17
17
6
50
75
12
11
44
18
5
61
50
19
41
53
37
27
6
0
41
24
36
28
8
18
58
46
14
15
52
25
41
41
45
4
58
14
15
21
50
0
1
22
4
5
20
14
16
9
67
4
41
68
57
12
23
38
24
14
10
28
48
14
4
58
63
52
26
21
24
3
38
4
14
21
57
12
71
35
9
18
37
13
24
9
46
67
55
25
3
6
47
14
49
20
35
21
20
76
6
62
14
0
22
16
22
4
8
16
41
14
37
12
58
6
18
22
34
14
22
28
4
4
16
21
4
40
14
53
13
24
10
41
14
34
12
67
14
27
54
35
20
14
1
76
16
14
16
24
14
44
21
73
19
22
72
44
50
44
14
9
41
14
12
22
35
14
57
9
14
27
45
14
15
11
41
4
5
41
50
10
20
7
9
24
0
0
22
24
16
6
24
20
8
17
47
14
6
69
61
24
9
3
10
5
54
11
16
15
6
6
9
14
14
21
16
16
21
0
45
6
28
24
49
14
41
58
9
5
50
28
10
58
9
9
40
10
6
11
32
9
14
9
69
24
14
3
47
28
14
1
22
9
8
41
24
65
22
6
25
14
16
23
40
14
9
47
14
4
65
12
32
47
22
0
45
28
7
14
16
15
28
40
47
14
17
34
14
17
12
12
60
11
57
57
4
27
49
73
58
60
14
6
18
1
25
14
10
4
47
18
19
1
15
25
52
14
57
31
40
7
14
41
73
20
57
9
18
58
22
45
47
65
16
24
14
15
24
14
44
24
28
0
18
18
45
37
7
52
64
65
5
14
13
7
2
9
58
20
41
41
21
9
10
35
14
49
6
16
62
22
41
59
11
14
15
10
15
14
9
14
9
3
17
9
59
40
11
18
58
10
17
34
5
11
11
63
47
44
12
18
47
19
18
37
2
9
14
13
23
22
50
10
54
21
16
35
37
14
49
9
41
8
38
61
5
19
35
1
47
10
24
14
2
9
50
16
17
35
24
21
21
0
24
40
40
9
24
47
23
47
6
47
69
59
10
45
40
65
24
63
46
6
24
4
41
7
14
14
48
12
16
6
16
11
9
16
4
61
14
10
19
24
51
28
24
1
24
11
14
4
59
70
17
41
47
50
14
47
32
9
9
9
62
6
21
28
14
4
15
9
15
14
10
19
9
4
12
15
3
41
68
48
7
1
45
17
14
76
33
41
24
10
59
60
14
35
44
10
41
45
6
61
21
47
24
7
55
36
41
67
44
10
14
15
24
11
57
35
9
62
47
41
63
34
15
9
10
15
14
46
14
5
14
16
22
35
6
58
14
69
5
59
24
17
9
32
49
15
16
41
4
24
14
24
38
40
14
56
76
9
17
6
12
0
10
43
18
41
13
61
59
1
21
63
15
6
16
0
6
14
37
14
60
44
49
17
24
14
14
1
0
40
34
14
47
16
14
42
18
14
0
23
61
41
14
15
52
15
61
16
45
21
47
6
14
4
26
65
50
11
9
41
65
0
12
0
14
41
24
15
6
63
12
68
63
33
9
16
67
0
54
14
14
14
37
9
22
16
24
40
58
14
11
12
70
13
0
10
9
4
14
9
4
22
35
16
9
58
1
15
5
6
47
16
9
50
0
16
24
9
40
41
6
22
9
37
48
58
23
45
45
45
8
23
9
46
62
42
7
62
47
10
46
36
1
14
15
5
76
50
10
62
14
4
15
4
41
23
49
47
11
9
11
67
45
45
24
35
12
57
47
52
4
5
14
28
9
23
4
57
32
15
28
9
28
0
4
27
14
0
12
37
5
35
47
50
21
23
21
14
14
52
10
18
20
11
41
21
55
4
10
70
6
9
14
40
27
14
40
42
24
18
61
45
6
15
61
14
40
47
10
42
40
16
9
41
21
14
4
9
44
41
0
52
59
18
14
18
40
50
17
17
49
4
63
15
9
43
40
4
15
11
41
35
10
10
27
39
14
41
19
14
15
40
9
9
27
14
62
3
2
54
21
4
41
16
49
7
14
14
14
10
45
57
62
34
14
16
70
14
0
7
28
20
16
15
49
7
5
58
0
42
26
16
47
24
67
9
3
4
50
41
47
47
9
24
9
14
76
33
6
35
38
36
69
22
10
23
9
40
23
6
9
67
14
40
48
7
41
10
16
9
5
26
33
25
40
53
26
11
2
40
44
63
7
14
5
14
47
14
28
14
45
6
27
14
39
30
17
9
47
9
5
49
0
42
0
61
9
50
46
14
40
14
12
70
14
4
26
0
28
40
14
22
4
21
13
1
57
49
69
5
40
15
38
42
17
60
14
9
14
51
6
63
5
2
44
4
18
49
9
49
21
42
16
24
16
6
0
63
3
23
14
12
4
76
14
14
9
38
30
27
48
35
14
40
39
14
13
9
9
10
59
22
44
20
46
46
14
62
59
14
45
11
16
14
12
11
14
35
4
3
36
10
15
64
10
34
47
17
15
14
66
37
6
0
70
35
6
61
54
21
51
24
21
40
9
47
36
9
41
17
17
28
73
0
14
24
24
16
36
44
45
50
16
37
9
16
6
46
60
62
0
22
1
16
3
52
9
49
13
62
4
57
4
40
24
50
21
14
6
23
41
15
60
25
3
58
35
36
6
35
35
12
9
49
37
14
54
52
14
6
5
32
11
16
41
9
32
14
41
4
58
51
28
40
21
15
0
41
1
22
61
14
16
24
40
58
41
16
16
6
12
18
37
14
14
33
24
25
14
14
7
10
9
41
45
14
21
23
61
10
9
25
4
35
10
14
4
66
59
58
10
14
27
37
5
16
24
17
40
22
16
9
14
19
14
49
19
15
23
10
65
46
17
15
11
40
5
55
9
63
0
35
6
9
58
19
40
12
16
28
51
69
6
24
24
37
14
17
35
4
35
45
61
40
27
20
29
22
60
18
14
63
17
75
14
63
8
60
11
50
59
9
5
34
16
28
18
6
37
9
49
36
50
16
41
40
65
16
14
6
6
52
0
76
62
24
24
9
61
8
58
41
58
6
41
11
10
28
40
66
17
14
9
0
49
0
14
12
14
21
24
21
17
49
10
24
11
8
39
9
14
70
6
15
35
9
9
6
14
63
65
14
60
58
41
14
21
5
9
8
4
11
23
40
65
48
16
24
1
6
16
24
11
50
5
23
12
38
44
50
50
6
20
41
14
9
7
35
58
34
6
22
12
