0
1
2
3
4
5
6
7
8
9
10
11
10
12
13
14
15
16
17
18
19
20
10
1
21
6
22
23
24
17
25
26
27
28
5
29
15
30
10
31
23
28
15
0
10
32
10
33
16
34
12
35
1
18
10
6
36
37
36
34
38
11
39
40
41
17
42
23
43
17
35
44
14
19
32
12
42
45
23
37
46
1
28
28
10
43
41
47
16
28
48
6
10
24
24
25
24
30
48
23
17
11
49
6
50
36
16
51
5
48
12
28
23
52
53
25
54
24
43
48
28
46
17
16
16
6
47
21
23
55
56
12
47
5
27
38
26
57
10
16
34
36
23
10
58
49
59
56
20
16
45
31
47
31
24
10
47
10
47
60
21
17
46
27
26
6
21
10
10
28
47
24
28
28
52
6
6
24
2
6
61
2
17
27
62
18
12
6
10
12
43
43
63
3
16
59
16
0
9
11
39
10
0
16
51
11
18
46
10
6
64
24
44
44
17
10
65
6
28
3
42
21
25
25
47
6
28
8
5
30
1
63
28
60
17
43
52
23
63
28
63
24
25
33
17
23
44
23
66
48
28
63
22
17
10
40
10
12
28
46
16
17
19
63
16
45
62
16
52
19
63
7
32
10
6
22
63
49
13
17
17
19
28
11
23
10
19
17
28
43
65
62
53
67
10
21
31
47
17
46
51
54
28
68
56
47
23
11
10
12
65
53
31
6
31
67
24
3
61
26
24
6
50
16
6
6
69
28
10
24
56
47
6
49
16
12
62
28
11
63
46
63
20
35
19
34
28
48
70
49
10
10
39
62
28
13
10
47
67
6
63
53
16
47
6
52
10
66
63
12
28
21
28
8
0
68
6
38
23
25
25
63
31
6
59
25
21
28
6
52
71
68
67
17
69
19
60
71
16
15
45
12
20
28
17
47
27
17
10
26
36
17
46
24
43
10
24
9
6
19
48
69
20
31
10
63
44
41
18
16
30
51
10
3
24
29
63
17
60
19
47
10
8
16
42
19
17
56
3
0
2
58
10
10
66
63
72
43
1
13
12
23
45
16
10
30
73
52
28
24
53
40
22
69
1
17
65
51
17
24
28
72
12
29
24
6
19
16
42
48
10
44
31
10
24
62
31
6
66
45
68
48
65
9
40
17
2
24
21
62
12
24
28
62
69
35
43
6
10
22
43
8
1
65
74
13
16
49
0
25
10
21
10
62
6
75
6
45
7
25
67
21
6
17
23
23
28
24
12
10
12
43
3
45
43
28
52
49
21
10
13
28
48
0
23
62
10
45
38
66
19
47
12
10
16
13
76
16
10
74
30
64
17
11
24
6
56
44
42
29
1
9
16
35
58
15
60
8
1
19
60
72
47
52
23
18
62
42
6
16
74
47
12
65
31
1
44
10
17
44
17
44
62
10
17
51
62
47
17
71
77
75
11
48
23
21
47
67
47
8
24
17
49
11
15
47
43
11
5
47
28
78
37
11
10
48
19
12
24
47
12
9
17
63
14
44
63
22
25
75
23
28
17
51
43
79
60
18
9
45
44
8
16
23
52
67
23
16
49
48
2
45
18
36
36
21
12
63
45
24
16
10
77
6
17
28
47
27
55
5
37
43
10
19
17
6
10
23
16
34
43
55
55
23
6
25
58
11
10
29
46
49
52
58
23
12
33
23
10
11
16
40
62
10
28
10
65
51
46
28
21
46
1
53
44
28
62
28
28
48
23
26
62
6
47
64
47
25
24
17
65
23
25
32
28
16
38
46
75
34
23
55
51
17
17
6
24
9
19
28
53
68
10
17
16
49
24
63
24
22
16
28
10
44
72
17
66
17
43
11
17
63
47
46
24
2
55
43
24
6
8
43
20
47
65
48
23
17
32
15
24
10
23
67
10
11
38
16
48
67
7
8
10
62
47
28
11
4
72
52
43
20
24
23
24
48
26
10
63
6
24
24
25
23
19
74
49
19
72
6
45
10
52
28
75
28
17
52
9
17
63
10
47
79
6
24
58
6
54
56
69
42
68
52
67
10
26
46
56
31
68
63
30
47
22
23
24
12
18
19
27
28
77
23
24
44
17
28
3
67
79
3
21
25
28
28
10
11
24
55
18
23
31
41
38
10
51
30
27
6
10
13
14
17
43
66
6
42
28
6
55
23
10
30
24
75
19
68
11
53
43
28
75
15
20
38
78
56
13
48
6
38
18
47
62
48
53
23
6
11
47
52
63
42
31
43
42
12
43
38
19
47
2
44
52
47
67
67
30
43
45
49
12
28
28
23
20
24
28
43
74
10
23
23
48
0
51
17
33
42
23
6
4
63
46
47
17
75
65
48
24
49
6
24
49
28
30
19
23
25
36
19
17
36
48
24
31
10
42
15
10
28
10
36
52
10
47
47
6
52
79
25
12
30
19
63
33
52
78
43
39
40
30
6
62
43
47
56
31
34
19
19
50
28
48
8
60
43
43
49
53
19
23
48
24
52
67
1
25
61
2
22
16
17
10
68
23
43
64
62
24
44
73
47
28
11
65
51
28
21
19
37
8
29
24
47
16
73
53
16
24
62
25
27
51
10
19
40
51
47
10
50
68
34
66
21
6
56
28
5
58
63
24
22
80
6
62
23
42
75
17
75
73
4
17
43
28
60
13
19
6
19
74
36
28
25
34
64
77
17
24
0
45
28
57
14
47
11
43
23
36
24
68
28
38
34
26
22
23
1
80
17
28
17
65
16
30
24
5
21
75
12
4
52
56
28
10
43
23
25
25
63
28
62
10
28
30
49
23
48
12
10
41
63
10
52
11
22
31
10
47
0
42
75
27
17
6
47
22
34
47
55
16
6
71
56
47
10
21
11
5
14
20
17
48
6
6
10
28
28
24
17
17
24
67
49
6
3
77
5
28
43
19
10
63
52
16
70
19
10
10
45
11
6
20
35
10
28
10
69
47
23
8
55
31
28
12
75
10
34
43
47
74
75
6
70
28
17
63
46
23
10
59
23
12
74
25
76
55
74
42
49
3
45
16
17
48
31
15
56
38
18
36
23
38
25
24
3
12
16
16
76
30
50
5
19
3
16
18
19
1
60
16
11
55
55
19
79
1
48
70
56
28
64
81
46
46
23
10
5
22
16
10
19
19
75
49
55
64
17
27
23
48
16
28
34
47
31
0
19
19
49
42
46
8
2
74
63
28
51
15
53
10
19
22
43
43
24
10
11
37
16
5
6
17
62
25
43
65
12
28
48
70
48
28
10
28
10
37
38
10
72
15
12
19
19
11
47
36
63
12
20
69
55
30
13
19
56
21
19
42
2
10
16
14
44
75
52
11
56
24
17
5
40
28
69
10
43
34
10
33
63
21
37
1
55
66
47
23
53
10
52
17
47
63
8
24
24
0
47
15
45
10
77
59
44
16
6
55
71
65
11
49
46
62
47
69
50
6
47
36
43
46
28
28
5
24
17
6
17
12
10
17
33
33
23
16
21
47
8
16
27
1
47
12
23
70
65
51
28
10
55
52
23
56
35
10
10
10
62
6
24
72
28
56
48
10
48
28
11
21
10
82
25
48
21
43
60
51
45
1
49
47
16
37
16
43
47
11
65
77
23
63
4
66
43
49
6
39
24
55
47
46
27
68
43
68
30
11
23
48
47
12
16
53
10
62
55
43
29
36
48
10
11
48
16
63
28
44
28
17
25
63
6
16
28
71
63
65
47
47
10
51
5
48
17
43
57
47
16
53
10
15
23
65
80
10
18
6
13
42
16
16
36
43
14
71
65
1
16
69
48
6
17
0
6
28
40
28
83
30
5
18
47
23
23
1
0
45
36
16
59
17
23
13
19
28
42
44
39
43
23
48
84
16
33
17
49
24
56
6
28
27
29
74
52
12
10
43
74
0
13
67
28
10
27
48
6
63
13
64
63
16
10
17
24
0
34
23
28
16
68
10
56
17
47
46
19
28
12
25
51
14
16
11
10
13
28
10
67
75
63
17
10
19
1
48
44
6
55
17
10
52
67
17
27
10
45
43
6
75
10
40
51
19
63
49
49
49
8
44
10
50
62
67
45
62
55
11
63
39
1
28
48
63
37
52
11
74
28
45
48
47
43
50
69
55
12
10
12
68
49
49
47
53
25
62
55
8
7
63
16
31
10
44
85
61
35
48
31
10
31
67
4
30
28
0
13
40
63
51
59
52
24
63
24
23
23
56
11
19
22
20
43
24
78
74
11
51
6
10
16
45
30
23
46
67
27
19
48
49
6
48
33
28
65
16
20
67
15
17
10
43
24
23
85
10
30
43
0
56
86
19
23
36
15
52
18
18
5
46
63
48
10
42
15
0
48
20
43
53
16
11
30
54
28
43
21
23
48
45
10
10
83
23
62
21
2
21
24
69
10
17
69
45
23
28
23
11
49
64
62
36
28
17
51
28
0
46
31
58
17
48
69
45
5
19
0
41
29
17
55
47
68
10
21
31
52
43
55
55
10
8
10
28
80
16
6
5
73
15
71
25
11
26
10
45
50
6
14
68
28
45
25
45
10
11
17
10
63
29
16
66
45
50
29
20
53
45
30
69
46
23
63
28
59
28
31
28
49
6
1
28
76
48
18
10
59
10
63
50
67
67
0
71
43
52
63
23
45
28
24
69
28
80
29
0
31
46
23
25
48
24
51
1
16
5
83
63
15
48
73
67
47
26
23
10
23
66
6
50
5
22
30
13
60
5
10
5
24
67
17
47
17
6
0
63
21
44
28
25
54
80
28
28
10
73
33
30
51
37
28
46
76
23
14
10
10
11
65
75
4
22
50
69
28
62
72
23
49
12
17
28
13
12
23
53
32
16
56
11
48
5
11
36
56
18
48
16
41
42
6
67
51
63
6
33
34
24
8
47
24
45
10
55
39
10
12
18
18
3
15
67
28
3
47
17
5
4
49
52
17
60
10
17
6
63
26
62
0
75
1
17
21
8
10
80
14
64
26
16
20
45
16
52
24
28
6
63
43
48
12
66
21
19
53
56
6
63
53
25
10
5
60
28
14
8
23
6
5
35
12
17
43
43
35
28
43
49
19
54
31
15
24
48
16
43
1
28
33
28
17
47
45
19
43
17
17
6
13
19
42
28
23
18
47
66
23
28
46
11
10
10
49
28
24
50
39
11
10
60
6
37
66
28
87
68
65
19
11
28
46
60
5
17
60
18
45
25
17
10
28
21
23
5
21
48
5
25
74
50
18
48
12
45
50
5
10
44
42
53
6
10
19
21
45
13
17
31
54
71
6
65
27
68
28
28
63
80
80
49
33
65
38
58
32
75
3
19
28
2
18
79
23
69
9
26
12
52
65
10
44
79
17
26
40
6
60
43
5
39
52
17
43
15
62
17
28
6
6
8
42
80
62
47
27
10
33
34
19
43
19
6
10
12
25
31
45
41
47
16
10
42
69
0
23
24
28
24
47
24
16
5
25
27
12
34
40
10
28
51
6
48
63
10
10
6
16
63
74
23
36
19
43
28
24
5
10
9
0
20
44
46
62
50
17
16
1
6
17
47
12
52
63
63
24
10
30
52
52
6
22
43
23
10
45
37
19
36
6
75
25
