0
1
2
3
4
5
6
7
8
9
10
11
10
12
13
14
10
15
16
17
18
19
10
1
20
6
21
22
13
16
23
24
25
26
5
27
28
29
10
30
22
26
31
0
10
32
10
33
15
34
35
36
1
37
10
6
24
38
39
34
40
11
41
42
12
16
43
22
44
16
36
45
14
18
46
12
47
31
10
38
48
29
26
26
10
49
50
8
51
26
52
6
10
13
13
23
13
34
52
22
16
11
53
6
45
39
15
54
5
52
12
40
22
55
56
23
57
13
49
52
26
31
16
15
58
6
8
20
22
59
60
12
8
61
25
40
24
62
10
15
34
39
22
10
63
53
64
65
19
15
24
30
8
30
66
10
8
10
8
42
20
16
48
27
60
6
67
10
10
40
68
66
26
40
55
6
6
66
2
6
69
5
16
53
70
37
12
6
10
12
49
49
71
72
73
64
15
12
9
11
67
10
0
15
74
11
17
31
10
6
75
13
71
71
16
10
76
6
40
77
47
20
23
23
8
6
26
8
61
34
1
71
26
39
16
49
55
22
71
40
71
6
23
33
16
22
71
22
78
52
40
71
21
16
10
79
10
12
26
48
60
16
18
71
73
31
70
80
55
73
71
81
32
10
6
21
71
53
13
16
16
39
40
82
22
10
18
16
40
49
76
70
38
83
10
67
30
8
16
48
71
57
26
84
41
8
22
11
10
12
76
71
30
6
30
83
13
85
69
74
66
6
54
15
6
6
71
26
10
13
65
8
6
53
15
12
70
26
11
54
31
5
86
36
18
34
26
52
78
53
10
49
67
70
26
13
10
8
87
6
71
38
60
8
6
55
49
78
71
12
40
20
40
88
0
2
6
37
22
23
78
71
30
6
64
23
67
40
6
55
89
80
87
16
54
73
90
85
15
31
31
12
19
40
16
8
25
16
10
24
18
16
31
66
49
10
66
9
6
18
52
61
19
30
10
71
90
91
37
92
34
93
10
77
66
27
71
16
42
73
8
10
88
15
47
18
16
94
72
0
95
63
10
10
78
45
74
49
1
96
0
22
31
78
10
29
44
55
26
6
38
42
71
5
1
16
76
61
16
13
40
30
12
27
13
6
73
15
47
52
10
71
30
10
13
70
30
67
78
31
84
52
25
97
9
16
95
66
67
70
12
66
40
70
36
51
49
6
10
21
49
98
1
25
70
13
15
53
0
23
10
67
10
70
6
99
6
31
7
23
83
67
6
16
22
22
40
66
12
10
12
49
77
31
49
40
55
53
67
10
13
26
52
0
22
70
10
31
100
78
18
8
12
10
92
13
101
15
10
70
34
75
16
11
66
6
65
71
43
27
1
97
15
36
63
41
90
88
1
73
42
80
8
55
22
37
70
51
6
73
102
8
12
76
30
1
45
10
16
45
16
103
70
10
16
74
70
8
16
85
35
99
11
52
22
67
8
83
8
8
66
16
53
11
41
8
49
11
5
8
40
72
38
11
10
52
18
12
66
8
104
97
16
79
14
79
54
21
23
99
22
40
16
5
49
105
106
37
13
107
103
88
15
22
55
83
22
15
53
52
95
107
17
39
39
67
35
71
31
13
15
10
24
6
16
40
8
25
103
71
38
49
10
18
16
6
10
22
73
58
49
103
59
22
6
23
63
11
10
27
31
53
55
63
22
12
33
22
10
11
15
42
70
10
26
10
25
30
31
40
20
31
1
91
45
26
70
26
26
33
22
67
70
6
8
75
8
23
13
16
76
22
78
108
40
15
40
48
99
58
22
59
38
16
16
6
66
9
73
26
109
80
10
16
72
53
13
71
66
21
58
26
10
45
74
16
78
16
49
11
16
54
8
31
66
95
59
44
13
6
98
49
19
8
76
52
22
16
32
31
66
10
22
87
10
11
37
78
52
20
110
31
10
70
8
40
11
34
30
55
44
19
66
22
13
52
111
10
95
6
13
66
23
22
39
70
53
18
74
6
31
10
55
40
99
40
16
55
9
16
54
10
8
105
6
13
49
6
57
94
45
47
80
55
87
10
60
31
65
30
80
54
34
8
21
22
66
12
37
18
25
40
58
22
66
45
16
26
72
87
105
77
67
23
40
40
10
11
66
59
17
22
30
50
40
10
93
29
25
6
10
96
14
16
49
78
6
43
26
6
59
22
10
29
13
99
73
2
11
38
49
40
99
41
19
37
93
9
13
33
6
40
37
8
70
52
38
22
6
11
8
55
71
47
30
10
47
12
49
37
18
8
95
71
55
8
83
87
34
49
31
53
12
40
26
22
19
13
26
49
26
10
22
22
35
0
61
16
33
43
22
6
34
54
31
8
16
99
76
52
13
53
6
13
53
40
34
18
22
23
39
73
16
61
52
66
30
10
43
31
44
26
10
39
55
10
8
8
6
55
105
23
12
34
18
71
33
55
20
49
67
42
29
6
70
49
8
41
30
34
18
73
45
40
52
67
90
49
49
53
109
73
22
52
66
55
87
1
23
7
5
21
15
16
10
2
22
49
110
70
66
45
44
8
26
11
76
5
40
20
73
70
88
27
13
8
80
44
91
15
66
70
23
25
93
10
18
42
38
8
10
45
2
58
78
67
6
60
26
61
63
71
66
21
54
6
70
22
47
99
16
99
112
34
16
49
40
8
96
73
6
18
26
39
26
23
72
113
79
16
66
0
31
26
114
14
8
11
49
22
39
13
2
26
37
58
71
21
22
1
61
16
26
16
25
15
34
13
79
20
99
12
34
55
59
40
10
49
22
23
23
71
26
70
10
40
29
53
22
52
12
49
115
71
49
55
11
21
107
10
8
0
47
99
25
16
6
8
21
34
8
59
15
6
116
41
8
10
67
11
5
65
19
16
52
6
6
10
40
26
13
16
16
66
87
53
6
72
58
5
40
49
73
10
71
55
15
78
73
10
10
31
11
6
19
36
10
26
10
54
8
22
117
59
30
26
118
99
10
34
49
8
70
99
6
119
40
16
95
31
22
10
64
22
12
70
23
101
59
26
47
53
72
107
15
16
52
30
31
60
40
17
39
22
40
23
66
77
12
92
92
100
29
45
79
73
77
15
10
18
1
90
15
11
59
59
18
105
1
52
119
60
26
75
120
31
107
22
10
79
21
92
10
18
73
99
53
59
102
16
25
22
52
58
26
34
8
30
0
18
18
53
43
48
88
95
70
61
26
38
121
56
10
73
21
49
44
13
10
11
93
15
5
6
16
70
23
49
76
35
40
52
78
52
40
10
26
10
64
40
10
74
31
12
18
73
11
8
24
54
12
19
45
59
34
13
18
60
20
18
43
2
10
15
14
45
99
55
11
65
66
16
61
42
40
61
10
49
34
44
33
71
20
93
1
59
78
8
22
56
10
55
16
8
54
88
13
66
0
8
31
31
10
58
64
71
15
6
59
85
76
11
53
31
70
8
5
45
6
8
33
49
48
40
26
79
13
16
6
16
12
49
16
119
33
22
78
20
8
98
72
25
1
8
12
22
122
76
61
40
44
59
55
22
60
36
10
10
10
102
6
13
76
40
123
52
49
52
40
11
20
49
74
23
52
67
49
15
5
107
1
53
8
15
38
15
49
8
11
76
24
22
54
34
78
49
53
6
85
13
59
8
48
47
80
49
84
34
11
22
52
8
12
92
124
10
70
59
49
70
39
32
10
11
52
15
71
40
71
26
16
23
71
6
73
40
85
71
76
8
8
10
36
61
52
16
49
114
8
15
91
44
31
22
76
54
10
17
6
13
47
78
51
18
49
14
85
76
1
15
5
52
6
16
0
6
26
42
40
117
34
61
17
8
22
22
1
0
31
39
15
64
16
22
125
18
26
47
79
94
49
22
52
126
15
33
16
53
66
60
6
40
127
27
70
55
12
10
49
70
0
13
87
40
49
25
52
6
45
13
102
71
15
10
16
20
0
58
22
40
15
80
10
94
16
8
31
73
26
12
23
93
14
15
11
10
13
40
10
87
99
71
16
10
73
1
52
71
6
59
16
10
55
87
16
25
10
31
49
90
99
10
42
74
73
71
53
53
53
98
79
10
45
102
83
107
70
59
11
54
41
1
40
52
71
124
55
11
84
26
107
52
8
49
54
61
59
12
10
12
2
53
53
8
38
23
70
59
88
110
54
15
30
10
79
83
128
36
52
30
10
30
87
113
29
26
0
13
42
71
61
64
55
66
71
66
22
22
60
11
18
21
19
49
66
129
93
11
93
6
10
15
31
29
22
31
83
25
18
33
53
6
52
33
40
25
60
19
83
31
16
10
49
121
22
105
10
34
49
0
60
76
18
22
39
31
55
17
17
61
48
45
52
10
51
31
19
52
19
49
38
78
11
29
130
40
49
20
22
52
31
10
10
61
22
70
67
2
58
66
84
49
16
36
107
22
26
22
11
53
128
70
18
26
16
61
40
0
107
30
63
16
52
36
107
5
73
0
50
27
16
59
8
2
10
67
35
55
49
59
59
10
20
10
40
124
15
6
79
44
41
85
23
11
74
10
31
103
6
1
2
40
31
23
107
49
11
16
10
79
27
15
78
31
103
27
19
56
31
34
54
107
22
103
40
96
40
30
40
53
6
29
26
101
15
17
10
64
10
71
45
87
83
0
85
49
55
71
22
31
40
13
54
26
131
27
0
30
31
22
23
88
66
38
1
92
79
132
71
31
52
44
83
8
60
22
10
22
98
6
61
71
32
34
13
18
61
10
61
13
83
16
8
16
6
0
71
67
103
40
23
133
54
40
26
10
44
33
29
5
38
26
31
101
22
14
10
10
11
76
99
113
21
45
54
26
70
74
22
53
12
16
40
66
12
22
38
134
80
41
11
52
61
11
18
60
17
52
15
135
43
6
87
93
71
6
33
58
66
98
8
66
31
10
59
41
10
107
17
17
72
41
87
40
3
8
16
95
34
53
55
16
42
10
16
6
61
24
70
0
99
1
16
67
88
10
61
14
102
136
92
19
48
58
55
13
40
6
95
49
52
77
78
67
73
38
41
6
71
38
23
10
5
42
26
65
88
22
6
71
36
12
16
49
10
36
26
49
2
73
57
30
31
66
52
15
49
1
40
119
40
16
8
31
73
44
16
16
6
13
18
43
26
22
37
8
78
22
40
48
11
10
49
53
26
66
45
94
11
10
90
30
38
78
26
137
135
30
73
11
26
138
42
71
16
39
17
31
23
16
49
40
20
22
5
20
52
61
93
70
45
17
52
12
31
139
95
10
45
47
38
6
10
73
20
31
13
16
30
57
85
6
25
25
80
26
26
71
111
111
53
33
25
40
63
32
99
77
18
40
61
17
105
22
54
9
60
12
55
76
10
71
105
16
30
18
6
42
49
61
41
55
16
49
31
70
16
26
6
6
88
47
124
102
8
25
10
33
13
73
49
73
6
49
12
23
30
31
135
8
15
10
47
36
0
22
13
40
66
8
66
15
61
78
25
12
34
42
10
26
93
6
52
71
10
10
6
15
71
70
22
24
73
49
40
13
71
10
97
19
19
71
31
70
79
16
58
1
6
16
8
12
55
45
95
13
10
34
55
40
6
21
49
22
10
31
38
73
39
6
99
23
