0
1
2
3
4
5
6
7
8
9
10
11
10
12
13
14
2
15
16
17
18
19
10
1
20
6
21
22
13
16
23
24
25
26
5
27
28
29
10
30
22
26
28
0
10
31
10
32
15
33
34
35
1
36
10
6
37
38
39
33
26
15
40
41
12
16
42
22
43
16
35
24
14
18
44
12
45
46
10
38
28
1
26
26
47
43
48
49
50
26
51
6
43
13
13
23
13
17
51
22
16
11
52
6
53
39
15
54
55
51
12
26
22
37
56
23
57
13
43
51
26
46
16
15
33
6
49
20
22
58
40
12
49
55
25
59
60
61
10
15
33
39
22
10
62
52
3
40
19
15
63
64
49
30
13
10
45
10
49
41
20
16
28
65
63
6
60
10
10
26
66
13
26
26
37
6
6
13
2
6
63
54
16
52
67
36
12
6
10
12
43
43
68
69
70
3
15
12
9
11
71
10
0
15
72
15
17
73
10
6
74
13
68
68
16
10
75
6
26
31
45
20
23
23
49
6
26
41
55
17
1
5
26
51
16
43
37
22
68
26
68
6
23
60
16
22
5
22
69
51
26
68
21
16
47
71
10
12
26
28
40
16
18
68
70
46
76
75
37
70
68
67
31
10
6
21
5
52
13
16
16
39
26
77
22
10
18
16
26
43
75
67
38
48
10
60
30
49
16
28
5
78
26
79
2
49
22
11
10
12
75
5
30
6
30
48
13
47
63
64
13
6
53
15
6
6
5
26
10
13
40
49
6
52
15
12
67
26
11
5
73
5
80
35
18
33
26
51
69
52
10
10
71
67
26
13
10
49
62
6
5
38
40
49
6
37
10
69
68
12
26
20
26
42
0
81
6
59
22
23
69
5
30
6
3
23
60
26
6
37
2
75
62
16
68
70
39
82
15
73
73
12
19
26
16
49
25
16
10
83
18
16
73
21
10
43
21
9
6
18
51
55
19
30
10
68
4
40
36
15
17
72
10
31
21
27
68
16
41
70
49
43
42
15
45
18
16
9
69
0
68
84
10
10
69
68
65
43
1
33
34
22
73
69
10
29
47
37
26
6
38
41
4
68
1
16
75
68
16
13
26
30
12
27
13
6
70
15
45
51
10
5
30
10
13
76
65
60
69
73
79
51
25
9
49
16
54
13
60
76
12
13
26
76
66
35
43
6
10
21
43
4
1
25
76
13
15
52
0
23
10
60
10
76
6
70
6
73
7
23
48
60
6
16
22
22
26
21
12
43
12
10
31
73
43
26
37
52
60
10
13
26
51
0
22
76
10
73
59
69
18
45
29
10
15
64
85
15
10
76
17
74
16
15
13
6
40
5
42
11
1
9
15
35
62
2
39
42
1
70
41
18
49
37
22
36
15
50
6
70
67
49
12
75
30
1
55
47
16
64
16
24
76
10
16
72
67
49
16
82
86
70
11
51
22
60
49
48
49
8
21
16
52
11
5
49
43
11
55
49
26
24
38
11
10
51
18
12
21
49
34
9
16
5
14
5
68
21
23
70
22
26
16
54
43
77
35
36
13
73
24
15
15
22
37
48
22
15
52
51
68
46
17
39
39
60
34
68
73
13
15
10
83
6
16
26
49
25
8
34
38
43
10
18
16
6
10
22
70
33
43
8
58
22
6
23
84
11
10
27
73
52
37
84
22
12
36
22
10
11
15
41
76
10
26
10
25
72
73
26
20
73
1
56
24
26
76
26
26
60
22
60
76
6
49
74
49
23
13
16
75
22
69
31
26
15
59
28
70
33
22
58
11
16
16
6
21
9
70
26
24
75
10
16
15
52
13
68
13
21
33
26
10
64
65
16
69
16
43
11
16
54
49
73
21
54
58
43
13
6
7
43
19
49
75
51
22
16
31
73
13
10
22
62
10
11
59
69
51
20
79
55
10
67
49
26
11
4
30
37
43
19
13
22
13
51
64
10
54
6
13
13
23
22
39
42
52
18
65
6
73
10
37
26
70
26
16
37
9
16
53
10
49
77
6
13
57
6
57
9
64
45
87
37
62
10
63
73
40
30
75
68
17
49
21
22
13
12
36
18
25
26
49
22
13
5
16
26
69
62
77
31
60
23
26
26
10
11
13
58
17
22
30
48
59
10
72
29
25
6
10
32
14
16
43
69
6
42
26
6
58
22
10
29
13
70
70
81
11
38
43
26
70
2
19
59
66
0
13
60
6
59
36
49
67
51
38
22
6
11
49
37
5
45
30
43
45
12
10
59
18
49
54
53
37
49
48
62
17
43
46
52
12
26
26
22
19
13
26
43
76
47
22
22
49
0
72
16
36
42
22
6
4
54
73
49
16
70
75
51
13
52
6
13
52
26
17
18
22
23
39
70
16
66
51
21
30
10
42
73
10
26
10
39
37
10
45
45
6
37
77
23
12
17
18
5
36
37
20
43
71
41
29
6
15
43
49
2
30
33
18
70
53
26
51
87
39
43
43
52
56
70
22
51
21
37
62
1
23
88
54
21
15
16
10
81
22
43
89
76
13
5
43
49
26
11
75
54
26
20
70
72
87
27
13
49
75
43
56
15
13
76
23
25
72
10
18
41
11
49
10
53
81
33
69
60
6
40
26
55
62
5
21
21
38
6
76
22
45
70
16
70
56
33
16
10
26
49
32
70
6
18
76
39
26
23
32
90
71
16
13
0
73
26
62
14
49
11
43
22
39
13
81
26
59
33
5
21
22
1
55
16
26
16
25
15
17
13
86
20
70
12
4
37
58
26
10
43
22
23
23
68
26
76
10
26
29
52
22
51
12
10
91
5
10
37
11
21
30
10
49
0
45
70
25
16
6
49
21
33
45
58
15
6
82
2
49
10
60
11
54
92
19
16
51
6
6
10
26
26
13
16
16
13
62
52
6
69
49
55
26
43
70
10
68
37
15
69
70
10
10
73
11
6
19
35
10
26
10
53
49
22
76
58
30
26
66
70
10
33
43
49
76
70
6
36
26
16
54
46
22
10
3
22
12
76
23
34
58
76
45
52
69
46
15
16
51
30
73
40
59
17
18
22
26
63
13
31
12
15
15
57
29
55
86
70
31
15
6
18
1
39
15
11
58
58
18
77
1
51
36
40
26
74
93
73
46
22
10
86
21
15
10
18
70
70
52
58
74
16
25
22
51
33
26
13
49
30
0
18
18
52
42
28
87
54
76
55
26
11
38
56
10
70
21
43
43
13
10
11
72
15
55
6
16
76
23
43
75
12
26
51
69
51
26
10
26
10
68
59
10
65
73
12
18
70
15
45
39
68
12
19
68
58
17
13
18
40
20
18
42
2
10
15
14
53
70
37
11
40
21
16
68
41
26
55
10
43
33
47
60
5
20
72
1
58
69
49
22
56
10
37
16
45
68
15
13
21
0
49
73
73
10
49
3
5
15
6
58
82
75
11
52
73
76
49
68
53
6
49
50
47
28
26
26
54
13
16
6
16
12
10
16
36
36
22
69
20
49
7
15
25
1
49
12
22
94
75
72
59
10
58
37
22
40
35
10
10
10
79
6
13
65
26
77
51
43
51
26
11
20
10
95
23
51
60
10
79
54
46
1
52
49
15
38
15
10
49
11
75
83
22
5
4
69
10
52
6
40
13
58
49
28
66
87
10
79
17
11
22
51
49
12
15
86
10
76
58
43
62
39
69
10
11
51
15
53
26
5
26
16
23
68
6
70
26
82
5
75
49
45
10
96
55
51
16
10
62
49
15
56
47
73
22
40
38
10
17
6
13
45
69
50
39
43
14
82
75
1
15
68
51
6
16
0
6
26
41
26
83
17
55
17
49
22
22
1
0
73
39
15
3
16
22
20
18
26
45
24
40
10
22
51
87
15
36
16
52
21
40
6
26
25
11
76
37
12
10
43
76
0
13
62
26
47
25
51
6
68
13
74
68
15
10
16
70
0
33
22
26
15
75
10
9
16
49
73
70
26
12
23
72
14
15
11
10
32
26
10
62
70
68
16
10
70
1
51
5
6
58
16
10
37
62
16
25
10
73
43
6
70
10
41
54
70
68
52
52
52
4
24
10
53
79
48
46
76
58
11
53
2
1
26
51
5
38
37
11
90
26
73
51
49
43
53
68
58
12
10
12
81
52
52
49
38
23
76
58
42
90
68
15
30
10
24
63
89
35
51
30
10
30
62
4
29
26
0
13
41
68
68
3
37
21
5
21
22
22
40
11
18
21
19
43
13
97
98
11
72
6
10
15
73
29
22
73
48
25
18
60
52
6
51
36
26
25
40
19
48
73
16
10
43
21
22
84
10
17
10
0
40
75
18
22
18
73
37
17
17
55
28
68
51
10
50
73
99
51
19
43
38
69
11
29
57
26
43
20
22
51
73
10
10
83
22
76
60
2
86
21
78
10
16
66
73
22
26
22
11
52
67
76
39
26
16
5
26
0
46
30
84
16
51
66
73
5
70
0
48
27
16
58
49
81
10
60
30
37
43
58
58
10
20
10
26
46
15
6
86
47
2
82
23
15
24
10
73
24
6
1
81
26
46
23
46
10
11
16
10
5
11
15
69
73
54
27
19
56
73
17
68
46
22
5
26
41
26
30
26
52
6
1
26
85
32
17
10
3
10
68
55
62
48
0
82
10
37
5
22
73
26
13
66
26
54
27
0
30
73
22
23
87
21
11
1
15
55
100
5
73
51
47
48
45
63
22
10
22
7
6
55
68
7
17
13
18
55
10
55
13
48
16
49
16
6
0
68
60
24
26
63
8
38
26
26
10
47
32
29
54
38
26
73
85
22
14
10
10
11
75
70
4
21
53
53
26
76
65
22
52
12
16
26
13
12
22
38
94
75
2
11
51
83
11
18
40
17
51
15
78
42
6
62
72
5
6
60
33
13
7
49
13
73
10
58
2
10
43
17
17
69
5
62
26
3
49
16
66
4
52
37
16
41
10
16
6
53
63
76
0
70
1
16
60
87
43
55
14
74
39
15
19
73
33
37
13
26
6
54
43
51
31
69
60
70
38
2
6
5
38
23
43
55
41
26
92
87
22
6
68
35
12
16
43
43
35
26
43
81
70
57
30
73
21
51
15
43
1
26
36
26
16
49
46
70
43
16
16
6
13
18
42
26
22
36
49
69
22
26
28
11
43
10
52
26
21
53
40
11
10
39
6
38
69
26
101
78
65
70
11
26
66
41
68
16
51
17
73
23
16
43
26
20
22
55
20
51
24
23
76
53
17
51
12
73
64
66
10
53
45
38
6
10
70
20
73
13
16
30
57
82
6
25
25
75
26
26
68
72
72
52
36
25
59
84
31
70
31
18
26
55
17
77
22
68
9
63
12
37
75
10
5
77
16
30
18
6
41
10
55
2
37
16
43
73
67
16
26
6
6
87
45
38
76
49
25
10
36
33
70
43
70
6
43
12
23
30
73
78
45
15
10
45
66
0
22
13
26
13
49
21
15
55
69
25
12
33
67
10
26
72
6
51
68
10
10
6
15
68
76
22
83
70
10
26
13
68
10
9
0
19
24
73
67
54
16
33
1
6
16
49
12
37
68
54
13
43
17
37
65
6
21
43
22
10
46
38
70
39
6
70
23
