0
1
2
3
4
4
5
6
7
8
9
0
9
8
10
11
12
13
14
15
16
17
9
1
18
5
19
20
10
14
13
2
21
22
23
24
25
16
9
26
20
22
12
0
9
27
9
28
22
16
15
29
30
25
9
5
31
32
16
16
6
0
33
34
25
14
35
20
36
14
37
38
11
16
25
8
1
12
20
32
39
25
22
25
9
9
40
25
5
22
41
5
9
10
10
42
10
16
41
20
14
0
43
5
38
16
0
44
4
41
8
22
20
31
3
13
28
10
9
41
22
39
14
45
21
5
37
18
20
46
1
15
37
29
21
6
17
25
9
22
16
16
20
9
2
43
5
47
31
22
2
26
37
26
10
9
37
9
37
34
18
14
48
24
49
5
21
9
9
22
50
13
22
22
31
5
5
10
2
5
51
4
14
43
52
21
8
5
9
15
9
53
23
54
22
25
22
15
25
0
7
9
0
22
55
0
15
39
9
5
52
10
38
38
14
9
56
5
22
49
1
18
13
13
37
5
22
34
29
16
1
29
22
21
14
9
31
20
44
22
29
5
13
28
14
20
29
20
42
41
22
23
3
14
36
28
9
8
22
39
0
14
16
29
31
12
52
31
31
22
29
25
27
9
5
3
29
43
57
14
14
31
6
8
20
9
16
14
22
53
56
52
23
25
9
21
26
37
14
39
24
25
22
58
33
37
20
0
9
8
56
23
26
5
26
31
10
53
50
44
10
5
38
40
5
5
24
22
9
10
47
37
5
43
22
8
52
22
0
29
39
59
25
37
16
16
22
41
42
43
9
9
7
52
22
10
9
37
3
5
29
23
0
37
5
31
9
42
29
8
22
18
22
32
0
31
5
6
20
13
42
23
26
5
59
13
21
22
5
31
25
31
3
14
38
22
53
26
22
12
12
8
17
22
14
37
21
14
9
17
16
14
39
10
9
9
10
8
5
16
41
29
17
26
9
44
4
25
21
41
16
23
9
49
10
24
29
14
34
22
37
36
32
22
1
16
14
1
54
0
44
2
9
9
42
29
25
9
1
57
15
20
39
42
9
16
53
31
22
5
23
34
54
29
1
14
56
23
14
10
22
26
8
24
5
5
22
22
1
41
9
38
26
9
10
52
26
5
42
12
58
41
29
8
58
14
44
10
21
52
8
10
22
52
60
57
9
5
9
3
9
7
30
21
52
57
22
43
0
13
9
21
9
52
5
61
5
12
25
13
31
21
5
14
20
20
6
10
8
9
8
9
49
39
9
22
31
43
21
9
10
22
41
0
20
52
9
12
6
42
16
37
25
9
41
10
34
0
9
52
16
52
14
0
10
5
47
29
35
31
1
8
56
37
2
18
53
32
1
22
34
59
37
7
20
21
21
35
5
22
52
37
8
56
26
1
4
9
14
44
14
2
52
9
14
55
52
37
14
26
50
61
0
41
20
21
37
31
37
7
10
14
43
0
24
37
9
0
59
37
22
2
23
0
9
41
16
8
10
37
15
8
14
29
11
38
55
3
13
61
20
22
14
4
53
27
25
21
57
12
38
31
22
20
7
31
20
22
43
41
44
12
15
16
16
21
25
44
12
10
31
9
2
5
14
6
37
21
45
29
32
9
9
16
14
5
9
20
22
45
9
45
46
20
5
13
47
0
9
24
39
43
31
2
20
8
28
20
9
0
22
34
52
9
22
9
29
55
39
22
18
39
30
3
59
22
52
22
22
28
20
17
52
5
37
52
37
13
10
14
56
20
42
25
22
22
6
25
61
45
20
31
33
14
14
5
10
45
22
22
55
31
9
14
1
43
10
38
10
3
21
22
9
44
26
14
42
14
9
42
14
55
37
39
10
44
46
53
10
5
7
9
17
37
56
41
20
14
27
12
10
9
20
3
53
0
6
42
41
18
25
12
9
52
37
22
0
4
26
31
53
31
10
20
10
41
44
9
23
5
10
10
13
20
31
35
43
16
56
5
12
9
31
22
61
22
14
31
8
14
38
9
37
27
5
10
53
5
28
1
44
1
58
31
3
9
49
39
47
26
31
29
16
37
19
20
10
8
21
16
21
22
21
20
10
29
14
22
54
3
27
49
21
13
6
22
9
0
10
46
15
20
26
45
6
9
23
16
21
5
9
57
11
14
9
42
5
35
22
5
46
20
9
16
10
61
22
58
0
23
9
22
61
18
17
6
24
25
10
28
5
6
21
37
52
41
23
20
5
0
37
31
31
1
26
9
1
8
9
6
16
37
44
38
31
37
31
3
16
9
39
43
8
6
22
20
17
10
22
9
6
9
20
20
19
0
44
14
28
35
20
5
4
55
39
37
14
61
56
41
10
43
5
10
43
22
16
16
20
13
41
22
14
29
41
10
26
9
35
12
9
22
9
16
31
9
37
37
5
7
27
13
8
16
16
29
28
31
18
9
7
34
50
5
29
53
37
33
26
16
16
22
38
6
41
32
53
9
53
43
62
22
20
41
10
7
3
1
13
25
44
3
22
14
9
31
20
53
25
52
13
38
53
37
22
0
45
44
22
25
22
60
32
24
10
37
31
53
3
22
10
52
13
21
23
9
16
34
33
37
9
38
31
45
42
21
5
0
22
29
2
23
10
3
55
5
52
20
1
61
14
61
25
16
14
9
22
37
57
22
5
16
6
16
22
13
1
63
25
14
10
25
12
22
7
11
37
0
36
20
16
10
31
22
6
45
38
3
20
1
55
14
22
14
21
22
16
10
55
18
61
8
4
31
27
22
9
53
20
13
13
23
22
52
9
6
16
43
20
41
8
53
25
29
9
31
0
3
12
9
37
0
1
61
21
14
5
37
3
16
37
46
22
5
25
33
37
9
21
0
44
47
17
14
41
5
5
9
22
22
10
14
14
10
3
43
5
54
21
38
22
9
22
9
29
31
45
42
22
9
9
12
0
5
17
29
9
22
9
54
37
20
7
46
26
22
17
61
9
57
9
37
52
61
5
42
22
14
23
39
20
9
46
20
8
52
13
34
46
6
1
43
54
12
22
14
41
26
9
0
6
15
16
20
6
13
10
49
8
41
41
22
16
38
59
22
49
22
1
16
1
16
22
0
46
31
16
27
1
41
42
1
22
52
25
39
39
20
9
11
3
41
9
16
22
61
43
46
21
14
21
20
41
21
22
16
37
26
0
16
16
43
35
39
32
44
52
29
22
33
25
3
9
22
3
9
9
10
9
0
23
22
4
5
14
52
13
53
56
15
22
41
42
41
22
9
22
9
23
6
9
56
12
36
16
22
0
37
25
29
15
17
29
46
16
10
16
0
18
16
35
2
9
22
11
38
61
31
42
47
10
14
23
34
22
60
9
53
16
53
28
29
18
55
1
46
42
37
20
3
9
31
14
37
44
31
10
10
0
37
12
12
9
21
3
38
0
5
46
54
56
0
43
39
52
37
29
38
5
37
19
53
39
6
22
4
10
14
5
14
8
9
14
28
28
20
42
18
37
7
29
21
30
37
8
20
25
56
23
22
9
46
7
20
49
37
9
9
9
63
5
10
56
6
25
41
9
41
6
0
18
9
55
13
41
21
9
19
44
39
30
43
37
22
23
22
9
37
0
56
17
20
55
4
42
9
43
5
49
10
46
37
39
8
58
9
58
16
0
20
41
37
8
41
38
9
52
46
9
5
25
41
9
0
41
22
38
22
29
22
14
13
44
5
3
22
38
29
56
37
37
9
29
29
41
14
9
25
37
22
3
9
12
20
49
55
9
15
5
57
1
42
5
16
9
11
38
56
1
22
38
41
5
14
0
5
22
34
22
17
16
29
15
37
20
20
1
0
12
16
22
23
14
20
25
16
22
1
38
49
9
20
41
49
13
28
14
43
10
0
5
22
21
3
52
31
8
9
53
52
0
10
3
22
53
21
41
5
29
10
25
3
22
9
14
18
0
45
20
22
22
31
9
1
14
37
39
22
22
8
13
60
11
0
0
9
57
6
9
3
61
11
14
9
22
1
41
29
5
46
14
9
31
3
14
21
9
12
9
16
61
9
34
44
22
44
43
43
43
7
38
9
38
52
31
39
52
46
0
38
33
1
6
41
29
23
31
0
63
22
12
41
37
53
38
29
46
8
9
8
31
43
43
37
23
13
52
46
32
25
29
22
26
9
38
25
25
37
41
26
9
26
3
25
16
22
0
10
34
29
29
23
31
10
38
10
20
20
49
0
16
3
17
36
10
56
25
42
60
5
9
22
12
16
20
39
31
21
16
28
43
5
41
28
6
8
0
31
31
12
14
9
9
10
20
25
9
64
9
0
1
25
16
20
16
12
7
15
15
29
39
29
41
9
35
39
40
41
17
53
23
42
0
16
25
22
53
18
20
41
12
9
20
30
20
52
21
2
45
10
40
9
14
60
12
20
22
20
42
43
52
52
16
22
14
29
6
0
39
26
2
14
41
60
12
59
22
0
45
24
14
46
37
58
9
21
25
31
9
31
46
9
32
9
22
48
22
5
23
36
18
26
13
0
44
9
12
55
5
1
58
22
12
59
12
9
0
14
9
38
3
22
42
12
25
24
17
3
12
16
29
39
20
60
22
21
22
26
6
43
5
6
22
34
47
15
9
23
9
29
55
3
31
0
38
9
31
38
20
12
6
10
23
22
55
24
0
26
12
20
13
4
10
33
1
41
4
65
24
12
41
36
31
37
30
20
9
20
7
5
44
29
13
64
10
16
55
9
29
10
31
14
37
14
5
0
29
21
38
22
13
25
55
22
22
9
36
28
25
44
23
22
48
32
20
11
9
9
0
56
61
25
3
38
38
22
52
56
20
43
15
14
22
10
8
20
23
25
31
33
0
41
44
0
41
0
15
41
22
40
35
5
3
23
23
5
28
45
10
7
37
10
39
9
46
33
9
9
15
15
54
24
3
22
3
37
14
24
4
43
31
14
34
9
14
5
29
2
52
0
61
1
14
21
32
9
55
11
21
2
41
17
39
21
31
10
22
5
23
9
41
20
42
21
22
23
33
5
23
23
13
36
4
34
22
47
32
20
5
29
29
8
14
9
9
37
22
9
58
22
28
56
12
10
41
0
53
1
6
28
6
14
37
12
22
53
14
14
5
10
16
35
22
20
21
37
42
20
6
39
0
36
9
43
22
10
38
49
0
9
53
56
23
42
22
25
40
56
22
42
22
17
34
29
14
21
15
12
13
14
9
22
18
20
4
18
41
55
13
52
38
15
41
8
12
29
29
9
29
1
23
5
9
22
18
12
10
14
26
28
26
5
29
21
31
22
6
29
60
60
43
28
8
6
2
27
61
49
16
22
29
15
27
20
29
8
2
8
31
56
9
29
27
14
26
16
5
34
20
29
33
31
14
53
12
52
14
22
5
5
32
1
55
13
37
21
9
28
57
22
9
22
5
9
8
42
26
12
40
37
22
9
1
60
0
20
10
22
10
37
10
31
29
42
21
8
16
34
9
22
23
5
41
23
9
9
5
22
29
52
20
2
22
9
22
10
29
9
8
33
17
38
39
30
4
14
21
1
5
14
37
8
31
29
23
10
9
64
31
22
5
3
9
20
9
39
32
22
16
5
61
13
