0
1
2
1
3
4
5
2
6
7
8
9
8
10
11
12
13
14
15
16
17
18
8
1
19
5
20
21
11
15
22
23
0
24
25
2
26
27
8
28
21
24
29
9
7
30
8
20
24
31
32
33
1
34
8
5
35
36
17
31
24
9
13
13
10
15
37
21
38
15
33
39
12
17
2
10
5
29
21
36
29
27
24
2
8
38
12
2
37
24
17
5
38
11
11
22
11
14
17
21
15
9
40
5
41
17
42
43
44
17
10
24
21
42
42
22
45
11
38
17
24
29
15
46
47
5
47
19
21
48
47
10
47
44
0
16
23
6
22
24
31
17
21
8
19
40
39
49
18
24
29
28
47
28
11
8
47
8
47
42
19
15
50
7
51
5
52
8
8
24
36
5
24
24
42
5
5
11
22
5
28
4
15
40
1
34
10
5
8
10
38
38
39
31
53
2
24
10
2
9
52
8
0
24
54
9
16
29
8
5
55
11
39
39
15
8
56
5
24
49
5
19
22
22
47
5
24
57
44
14
1
58
24
0
15
38
42
21
59
24
59
5
22
20
15
21
59
21
60
17
24
39
0
15
8
52
8
10
24
50
42
15
17
59
53
29
1
61
42
53
44
62
30
8
5
0
58
40
11
15
15
0
46
53
21
8
17
15
24
38
56
63
64
12
8
52
28
47
15
29
58
45
24
6
13
47
21
9
8
10
56
64
28
5
28
12
11
31
28
54
11
5
44
58
5
5
58
24
8
11
49
2
5
40
24
10
1
24
9
58
29
39
2
33
17
31
24
17
60
40
8
8
52
62
24
11
8
47
47
5
58
64
42
47
5
42
38
60
59
10
24
19
24
36
9
0
5
46
21
5
9
64
28
5
2
22
52
24
5
42
2
61
47
15
64
53
25
41
24
29
29
10
18
24
15
47
0
15
8
51
17
15
29
5
7
8
5
7
5
17
17
44
18
28
8
59
25
25
34
46
14
39
8
65
5
7
44
15
42
53
47
38
36
24
17
17
15
1
31
0
66
6
8
8
9
59
54
38
1
67
32
21
29
9
8
27
68
42
24
5
64
13
62
44
1
15
56
64
15
11
24
28
10
7
2
5
53
24
5
17
8
58
28
8
11
1
28
52
9
29
6
17
0
7
30
15
66
11
52
1
10
5
24
63
59
2
38
5
8
0
38
57
63
0
1
11
24
40
0
5
8
52
8
1
5
14
5
29
2
5
12
52
5
15
21
21
16
5
10
8
10
38
65
29
8
24
42
40
52
8
11
24
17
0
21
1
8
29
38
9
17
47
2
8
46
28
69
47
8
1
14
55
15
9
11
5
49
59
37
19
1
7
58
33
19
7
25
36
1
53
42
61
47
42
21
34
5
37
5
53
62
47
10
56
28
1
44
8
15
59
15
23
63
8
15
54
1
47
15
41
2
14
9
17
21
52
47
12
47
35
5
15
40
9
58
47
38
9
44
47
24
58
64
9
8
17
17
10
5
47
2
7
15
39
12
39
58
0
22
14
21
24
15
54
38
41
2
34
67
50
39
0
24
21
42
12
21
24
40
17
66
50
16
17
17
52
60
39
29
11
0
8
51
5
15
24
47
0
70
59
36
8
8
17
15
5
8
21
53
46
38
70
48
21
5
22
19
9
8
7
29
40
42
35
21
10
34
21
8
9
24
13
1
8
24
8
0
54
29
24
19
29
1
42
41
24
1
24
24
34
21
52
1
5
47
55
47
22
11
15
56
21
9
2
24
24
46
29
14
46
21
47
48
15
15
5
5
2
53
24
66
61
8
15
31
40
11
58
11
0
47
24
8
59
56
15
9
15
38
9
15
44
47
29
5
66
48
8
11
5
57
38
18
47
56
17
21
15
30
29
11
8
21
47
38
9
46
9
17
19
2
44
8
1
47
24
9
3
28
42
38
18
11
21
11
17
54
8
41
5
11
5
5
21
0
1
40
17
56
5
29
8
42
24
14
24
15
42
7
15
41
8
47
35
5
11
2
5
45
1
66
5
61
42
47
8
23
29
49
28
61
64
14
47
20
21
11
10
34
17
0
24
51
21
11
59
15
24
31
47
30
65
52
5
24
24
8
9
5
48
16
21
28
2
46
8
64
27
0
5
8
67
12
15
38
9
5
37
24
5
2
21
8
27
11
14
53
6
9
64
38
24
14
7
18
46
43
2
11
34
5
46
34
47
63
17
64
21
5
9
47
42
39
5
28
38
5
10
8
46
17
47
66
64
42
47
12
47
47
38
29
40
10
24
24
21
18
11
24
8
31
8
21
21
9
0
39
15
20
37
21
5
3
44
29
47
15
14
56
17
11
40
5
11
40
24
14
17
21
22
17
53
15
44
17
5
28
8
37
29
38
24
8
35
42
8
47
47
5
42
35
5
10
14
17
59
34
42
19
38
52
32
27
5
5
38
47
13
28
31
17
53
41
24
17
36
25
38
38
40
71
53
21
17
5
42
47
1
22
2
59
0
24
15
8
0
21
38
2
1
5
58
38
47
24
9
36
59
24
19
53
2
36
7
11
47
61
38
2
24
11
1
22
0
39
8
17
13
48
47
8
41
0
46
60
52
5
47
24
44
19
39
5
0
64
5
72
21
5
14
15
14
45
31
15
8
24
47
73
53
5
17
31
17
24
22
31
2
2
15
5
9
29
24
57
12
47
9
38
21
17
11
0
24
46
46
58
0
21
1
44
15
24
15
0
24
14
11
4
19
14
10
3
42
30
24
8
38
21
5
22
39
24
1
8
24
27
40
21
17
10
38
2
59
8
42
9
62
50
8
47
0
5
14
0
15
5
47
62
31
47
48
24
5
2
13
47
8
52
9
59
49
18
15
17
5
5
8
24
24
11
15
15
5
47
40
5
31
51
44
24
38
53
8
59
42
46
9
53
8
8
29
9
5
18
33
8
24
8
64
47
21
2
48
28
24
35
14
8
31
38
47
1
14
5
34
24
15
41
50
21
8
48
21
10
1
5
60
48
31
5
40
31
50
24
15
2
28
29
47
46
16
35
21
24
5
11
65
10
46
46
24
27
44
66
53
65
24
5
17
1
25
24
9
2
47
2
41
1
17
60
47
24
55
2
29
50
21
8
71
0
46
8
17
53
14
40
48
52
15
0
21
17
47
24
31
10
28
0
17
17
40
37
29
36
66
1
44
24
48
2
42
8
53
0
8
38
11
8
9
64
24
44
5
15
1
22
38
56
10
24
14
9
17
24
8
24
8
39
46
8
56
29
10
17
53
9
47
35
64
10
18
59
48
14
11
17
47
19
17
37
22
8
24
12
23
14
42
9
49
5
15
39
13
24
44
8
38
31
38
20
58
19
64
1
48
9
47
21
25
8
42
15
47
59
0
11
5
0
47
50
29
8
51
36
58
42
5
48
2
56
9
40
29
1
47
44
41
5
47
2
38
50
24
24
39
11
15
5
15
10
38
15
34
34
21
9
19
47
57
9
0
2
47
10
21
60
56
39
46
8
48
42
21
2
33
8
8
8
27
5
11
56
24
2
17
38
17
24
9
19
8
2
22
17
52
8
2
4
29
1
40
47
24
54
24
38
47
9
56
51
21
64
3
9
8
40
5
49
11
48
47
50
2
71
8
6
14
9
21
17
47
10
46
39
8
1
48
38
2
35
2
8
9
17
24
41
24
59
24
15
22
39
5
53
24
41
39
56
47
47
8
66
44
17
15
7
2
47
24
42
8
29
21
2
64
8
16
5
11
5
9
65
35
38
12
41
56
1
24
44
17
5
15
0
5
24
13
24
23
14
44
16
47
21
21
1
0
29
35
24
39
15
21
2
17
24
5
39
49
8
21
17
2
14
20
15
40
5
47
5
24
2
19
1
42
10
8
38
1
0
11
47
24
38
0
17
5
44
11
63
44
24
8
15
0
9
46
21
24
24
61
8
1
15
47
29
53
24
10
22
43
12
47
9
8
11
24
8
2
14
44
15
8
53
1
17
59
5
48
15
8
42
47
15
0
8
29
38
2
14
8
13
54
53
39
26
40
40
57
39
8
44
72
12
29
1
48
9
39
13
1
24
17
39
36
42
9
27
24
50
17
2
38
64
39
48
10
8
10
0
40
40
47
64
22
1
48
36
2
64
24
28
8
39
2
2
33
17
28
8
28
47
3
27
24
9
11
13
59
39
53
42
5
39
5
21
21
49
9
17
0
18
38
5
58
2
9
43
5
8
24
29
27
21
29
12
0
17
34
40
5
17
20
24
0
42
18
12
29
15
8
38
11
21
2
8
2
8
0
47
2
17
21
17
29
42
16
16
44
2
59
20
8
65
50
2
17
18
38
64
9
9
27
2
24
38
19
21
17
29
8
8
71
21
1
52
22
46
5
2
38
15
44
50
21
24
21
9
40
2
1
35
24
15
39
24
0
29
28
19
15
17
59
50
59
53
0
12
7
15
48
47
6
8
52
55
42
38
47
48
8
19
8
24
26
24
2
39
38
7
41
22
9
66
8
29
39
5
8
6
24
29
4
50
8
9
15
8
58
19
24
9
29
74
7
18
42
29
14
44
50
21
59
24
7
24
28
24
40
5
1
24
69
20
16
8
39
8
59
44
47
12
9
41
7
42
39
21
29
24
11
64
24
44
7
0
28
29
21
22
2
5
48
1
46
71
62
39
29
17
8
12
47
2
21
8
21
57
5
44
59
42
14
45
17
44
8
44
11
12
15
47
15
5
0
58
52
39
24
5
2
29
24
24
8
8
34
27
39
64
24
29
69
21
12
8
8
9
56
14
3
0
41
44
24
72
56
21
40
10
15
24
11
10
21
64
65
61
13
9
17
66
9
17
47
16
17
24
45
37
5
47
43
39
5
20
46
11
57
47
5
29
8
48
13
8
38
16
16
31
61
47
24
47
47
15
13
3
40
42
15
42
8
15
5
59
23
72
0
14
1
15
52
36
8
44
12
1
23
46
18
50
47
42
11
24
5
41
38
17
65
56
52
53
64
13
5
39
64
22
8
44
42
24
49
36
21
5
59
33
10
15
38
8
33
24
38
2
53
45
28
29
5
17
47
38
1
46
34
24
15
47
29
53
38
15
15
5
11
17
37
24
21
34
47
38
21
24
29
9
38
38
40
24
5
41
49
9
8
25
56
64
9
24
2
45
28
53
9
24
2
42
59
15
47
16
29
22
15
38
24
19
21
44
19
17
39
22
1
41
16
17
10
29
43
31
8
59
5
64
5
8
53
19
29
11
15
28
45
41
5
0
0
61
24
24
39
43
64
40
34
0
16
19
30
14
65
17
24
66
16
35
21
64
7
23
10
42
56
8
59
35
15
28
17
5
42
8
44
13
42
15
38
29
1
15
24
5
5
36
5
64
1
47
0
8
34
31
53
38
53
5
38
10
9
28
29
2
47
24
8
10
59
0
21
11
24
11
47
5
0
44
9
0
10
31
13
8
24
43
5
17
39
8
8
5
24
44
1
21
23
53
8
24
11
59
8
7
18
18
39
29
63
39
15
47
1
5
15
47
10
42
59
41
11
8
14
42
28
5
0
38
21
8
50
36
53
35
5
14
22
