0
0
0
54
98
0
0
0
0
0
0
0
38
3
0
0
78
68
19
5
0
55
34
0
0
0
6
0
0
0
0
0
84
119
0
0
0
0
33
0
0
42
0
0
0
0
33
0
75
0
0
0
0
0
0
0
0
0
0
0
121
0
11
0
0
20
13
73
0
0
49
0
0
37
0
3
0
7
0
0
0
0
108
0
35
35
0
0
0
0
86
40
33
43
40
18
0
0
0
71
20
0
0
0
0
38
0
2
31
0
3
0
0
37
0
0
0
44
36
0
0
8
19
0
0
0
0
0
0
70
0
0
48
0
0
0
0
24
0
0
0
0
72
33
0
0
0
0
0
0
34
25
27
0
0
33
27
34
0
0
0
19
0
0
0
0
0
33
0
0
0
0
0
0
50
91
0
0
0
47
0
31
0
0
32
0
3
0
35
13
33
35
0
0
0
0
0
36
5
0
0
34
0
0
0
0
5
9
33
0
35
0
0
57
16
33
0
0
120
0
13
0
0
0
48
0
0
0
0
0
0
2
0
0
20
33
0
73
0
116
0
0
4
0
15
0
31
85
0
77
0
57
0
0
33
0
0
35
0
0
0
0
37
2
0
8
0
0
49
0
0
0
0
33
0
0
0
0
0
0
0
0
122
0
0
0
37
19
0
34
37
0
0
39
34
0
0
48
0
0
2
0
116
0
0
48
0
0
34
0
0
2
0
91
0
0
0
0
0
0
63
95
0
0
0
0
2
117
35
0
11
34
61
0
96
6
35
124
0
0
0
31
54
50
0
100
115
0
89
39
33
33
0
32
0
0
34
48
0
0
0
0
0
48
0
0
34
0
0
3
0
0
126
10
0
0
0
0
0
0
19
0
25
0
0
0
0
108
0
0
0
0
0
0
2
0
0
0
23
0
7
3
0
0
0
48
0
16
33
0
0
0
7
0
0
13
0
0
91
0
0
0
55
0
38
3
2
0
0
0
69
64
37
0
0
0
0
0
0
84
0
35
0
0
0
0
0
0
88
35
0
0
0
36
0
0
0
0
0
0
68
0
0
0
0
0
34
35
0
0
0
36
0
43
0
0
0
0
20
0
0
0
12
0
0
98
0
0
0
82
0
0
0
0
43
32
0
0
0
0
50
77
67
0
0
0
0
0
38
32
0
64
0
32
0
0
0
0
0
0
33
0
11
0
32
0
0
45
0
0
0
0
33
32
0
76
0
0
0
0
40
49
0
0
76
76
0
0
12
33
6
33
29
0
37
0
0
0
0
0
38
0
80
0
82
32
0
0
120
0
37
26
0
35
0
0
4
0
33
69
69
0
20
17
0
19
11
57
0
0
0
0
24
0
0
0
0
10
0
0
0
0
0
0
0
31
32
0
0
0
0
27
0
90
0
0
0
35
19
25
19
4
32
13
0
0
0
0
0
26
0
0
0
0
0
37
0
0
0
0
65
20
0
0
0
0
33
0
31
0
112
0
0
0
0
0
0
5
60
48
0
0
0
2
0
0
0
6
0
0
71
0
0
19
0
21
38
0
0
9
0
0
0
0
0
0
72
0
0
0
0
0
5
0
0
0
0
57
0
0
23
34
0
91
0
0
48
86
0
0
0
13
33
0
0
0
0
71
85
0
33
0
70
0
42
0
0
0
0
0
8
43
0
0
88
6
0
0
33
0
0
0
32
38
107
33
0
35
0
0
20
9
0
0
60
124
32
115
119
0
0
0
32
0
48
0
48
0
38
0
39
0
0
0
113
0
0
9
0
0
0
70
70
20
0
0
60
0
0
125
78
0
0
0
0
47
40
0
0
5
0
0
0
0
44
20
24
0
33
0
19
2
48
7
0
0
0
33
0
0
0
35
55
0
35
0
72
0
0
0
0
35
72
0
33
22
0
0
0
0
0
37
33
0
48
0
0
0
0
0
0
0
0
0
0
78
0
0
0
0
38
0
0
82
0
0
0
39
41
44
0
33
0
113
0
0
21
0
0
0
90
0
48
0
0
38
0
0
0
0
0
0
0
0
0
34
0
0
11
0
0
0
0
48
0
0
0
12
0
36
0
0
0
72
58
57
0
0
89
0
0
0
0
0
0
0
33
20
0
70
0
0
0
0
0
37
37
0
0
0
33
0
0
21
33
0
0
46
0
40
0
0
35
40
38
0
0
0
19
38
0
110
0
0
55
0
0
90
38
0
97
0
31
48
0
80
0
0
0
0
0
49
0
13
0
0
12
0
35
0
40
48
0
0
49
30
0
0
0
0
0
43
6
0
114
84
0
0
125
0
0
33
87
72
0
0
66
0
0
0
0
95
0
0
0
48
0
0
39
0
38
0
0
0
0
0
66
0
0
0
38
86
0
0
0
0
0
0
0
0
0
119
35
0
79
0
27
26
0
80
0
62
6
0
0
0
20
34
0
34
0
37
0
0
32
43
48
0
0
0
0
0
0
0
0
37
24
33
33
0
0
0
71
0
0
0
0
0
0
0
0
0
0
0
0
0
0
0
38
32
0
1
80
48
114
0
0
0
0
22
0
38
0
0
0
0
0
39
0
38
0
0
0
0
0
0
37
0
70
0
24
0
0
0
89
0
0
0
0
0
0
0
0
0
0
0
32
0
0
0
0
0
0
96
21
33
0
48
69
90
95
38
113
0
0
0
0
34
0
0
0
0
0
42
0
0
48
0
0
72
0
0
0
125
0
0
0
0
0
0
0
0
0
19
0
0
0
0
0
0
0
0
0
0
0
0
0
33
0
0
0
0
0
32
13
0
0
43
72
81
0
0
99
0
33
50
0
4
89
0
0
0
13
76
88
0
0
0
3
0
48
0
0
0
0
0
48
35
0
0
0
0
55
0
77
0
99
37
110
123
0
0
19
63
0
44
0
88
0
0
0
0
0
0
0
49
0
21
0
0
34
8
0
0
0
0
33
0
35
37
48
73
0
70
0
0
0
0
33
0
0
0
32
0
0
0
108
20
0
0
0
35
0
0
0
32
0
0
70
0
0
0
0
0
0
0
0
0
0
123
0
0
0
0
121
0
65
0
3
0
0
106
0
31
0
0
0
76
0
38
0
0
24
0
70
70
0
0
89
0
0
0
118
34
0
7
0
0
33
0
0
0
0
0
84
0
0
0
0
0
0
72
0
0
115
0
0
0
0
0
0
0
12
0
13
0
0
62
0
0
0
0
0
0
0
0
33
38
33
0
0
0
31
0
0
32
0
0
0
0
115
85
0
88
111
33
0
0
0
0
0
0
7
56
40
0
0
48
0
57
12
0
0
70
0
0
0
0
0
43
0
75
34
76
0
74
76
49
38
0
0
0
0
0
0
0
35
35
0
0
0
0
0
0
89
73
0
48
0
0
34
4
17
0
0
0
0
0
0
48
0
0
13
0
0
0
23
0
0
0
0
0
44
0
32
48
0
0
0
0
80
13
0
120
0
57
0
21
0
0
5
35
0
0
0
0
35
0
48
0
0
0
110
48
0
73
30
0
0
0
35
0
0
0
0
49
0
35
33
0
100
40
0
110
0
84
33
0
0
0
0
0
0
0
78
37
0
0
0
0
0
0
34
0
0
15
35
48
0
0
0
81
0
0
0
37
0
61
0
0
70
0
9
0
0
33
0
65
0
85
0
48
5
19
0
0
0
70
33
0
0
0
0
17
79
0
0
0
29
0
0
0
0
100
0
117
28
0
0
48
48
33
0
0
79
0
35
0
48
0
0
0
7
0
0
0
37
0
98
0
0
89
0
0
33
0
30
40
0
0
0
0
61
0
37
95
0
0
0
4
0
31
6
37
0
72
0
35
7
0
76
0
20
0
42
42
119
0
0
0
33
84
0
0
0
100
0
45
0
0
65
0
0
0
0
0
5
0
0
32
0
0
0
0
0
0
0
0
0
0
0
0
0
0
0
0
34
0
73
0
0
0
37
0
0
0
9
0
0
0
0
0
0
0
0
89
0
117
33
0
0
0
0
0
0
0
78
88
0
0
0
34
49
0
0
0
89
53
33
0
0
35
0
0
90
0
0
0
0
0
57
0
0
0
0
0
0
40
0
0
0
0
0
77
0
13
49
0
0
123
9
77
48
34
0
0
70
67
0
72
0
40
0
0
0
4
32
70
10
0
2
0
0
0
0
0
0
49
0
0
13
0
0
0
0
121
0
0
0
89
24
0
0
63
0
0
0
84
0
0
0
5
55
0
0
0
0
0
2
0
0
0
9
0
0
9
0
0
37
0
0
0
81
0
0
0
0
0
39
7
0
33
0
0
0
0
0
0
34
35
0
0
0
0
0
9
36
0
0
31
0
0
0
0
0
0
0
82
56
34
0
0
24
0
0
0
0
0
0
78
0
0
84
0
89
32
0
76
0
0
0
0
20
0
9
0
0
87
0
43
0
0
0
0
0
0
0
56
9
0
0
17
77
0
9
31
58
0
0
0
0
70
48
0
36
53
0
49
33
70
70
33
0
0
122
0
0
0
57
0
82
30
0
18
0
0
9
0
0
0
0
0
0
24
0
0
18
0
0
0
0
0
0
0
90
0
56
24
0
63
0
9
0
2
0
0
120
0
122
40
0
0
0
0
35
6
13
24
0
0
24
0
0
0
0
83
0
0
0
7
110
0
0
0
0
0
0
0
69
71
0
0
0
0
89
0
0
0
0
9
83
0
0
48
0
0
0
0
0
92
57
0
0
0
0
37
4
33
64
0
0
0
48
0
95
0
0
0
29
0
0
0
0
119
0
0
0
0
0
88
0
0
0
4
0
0
33
33
17
0
0
0
4
0
0
0
32
0
87
39
56
0
110
0
12
0
0
40
0
0
0
0
0
18
0
0
0
0
24
0
0
0
0
0
0
0
102
0
0
0
48
0
9
35
70
0
33
33
0
0
0
0
0
0
0
48
0
0
0
0
0
0
0
35
20
92
0
0
0
0
0
0
0
49
10
0
31
0
0
0
0
56
7
0
0
38
114
0
0
0
87
0
0
54
84
10
0
0
0
10
38
35
0
0
0
0
13
85
0
84
49
6
0
34
33
0
0
35
0
0
0
0
7
0
0
0
35
0
0
0
105
15
0
42
0
33
0
17
0
39
36
12
120
0
31
48
0
71
119
0
0
33
0
0
108
0
6
11
0
0
0
46
0
0
0
0
94
0
0
0
112
0
0
63
14
0
6
0
0
20
0
0
0
0
0
0
0
0
0
32
0
6
0
5
0
0
0
0
0
12
0
97
35
0
0
9
38
0
25
0
30
0
68
0
0
121
0
0
0
0
44
0
0
6
127
0
0
0
0
114
0
6
0
0
0
0
0
66
50
0
33
57
0
0
0
0
0
0
38
0
0
0
0
35
0
34
0
0
0
0
10
0
0
32
48
0
0
100
0
0
0
0
0
0
5
0
0
9
0
26
76
35
0
0
35
0
0
109
0
48
62
0
31
19
88
0
99
0
37
0
0
0
78
58
0
35
0
0
2
32
0
0
0
33
0
38
0
0
0
135
0
0
0
88
4
20
0
0
0
0
48
0
0
2
0
0
35
0
49
0
0
3
0
73
13
0
10
0
0
0
0
0
