0
1
2
0
3
4
5
6
7
8
9
10
11
12
13
14
15
16
17
18
19
16
9
1
20
5
21
14
13
17
18
22
23
24
25
3
3
26
9
27
14
24
28
0
9
29
9
30
14
13
31
32
1
16
9
5
33
34
35
13
24
35
36
37
12
17
38
14
11
17
32
39
14
0
3
12
13
40
9
34
28
3
24
3
9
11
41
3
12
24
35
5
19
13
13
3
13
23
35
14
17
10
42
5
43
35
44
4
43
35
12
24
14
45
46
18
47
48
11
35
24
28
17
49
23
5
44
20
14
50
32
31
44
43
23
18
22
20
9
14
13
35
14
9
37
42
48
51
16
14
40
52
44
27
13
9
44
9
44
37
20
17
28
53
22
5
7
9
9
24
3
54
24
24
44
5
5
13
2
5
3
55
17
42
47
16
12
5
9
31
11
11
39
32
14
48
14
3
3
10
56
9
16
54
57
35
18
40
9
5
58
13
39
39
17
9
27
5
24
51
13
20
18
18
44
5
24
7
43
23
1
52
24
0
17
11
59
14
39
24
39
5
48
30
17
14
39
14
45
35
24
39
21
17
9
3
9
12
24
28
22
17
0
39
23
40
47
15
44
14
60
16
29
9
5
21
52
42
13
17
17
0
24
23
14
9
0
17
24
11
27
47
34
41
9
7
27
44
17
28
61
3
24
62
36
44
14
10
9
12
27
60
27
5
27
41
13
3
27
52
54
5
3
63
5
5
52
24
9
13
51
44
5
42
14
12
47
24
10
39
40
4
3
32
0
13
24
35
3
42
9
9
56
47
24
13
9
44
0
5
52
34
22
44
5
44
11
45
39
12
24
20
24
64
0
62
5
36
14
18
10
52
27
5
48
18
7
24
5
44
3
57
0
17
60
14
25
29
14
40
40
12
16
24
17
44
23
17
9
65
33
17
40
54
11
9
54
8
5
0
35
57
16
27
9
39
25
30
16
20
23
61
9
51
54
53
60
17
26
14
44
19
64
14
13
0
17
8
32
0
55
37
9
9
45
60
66
11
1
67
31
14
40
45
9
26
19
44
24
5
34
26
2
60
1
17
27
61
17
13
24
27
12
53
3
5
14
14
13
35
9
52
27
9
13
47
27
5
45
40
62
35
23
8
26
17
55
13
7
47
12
54
24
47
57
3
11
5
9
21
9
64
1
23
47
13
14
42
0
48
9
7
9
47
5
49
5
40
3
18
41
7
5
17
14
14
24
54
12
9
12
11
51
40
11
24
44
42
7
9
67
24
35
0
14
47
9
40
18
45
0
44
12
9
20
13
68
5
9
69
23
58
17
35
13
5
51
39
38
53
1
8
63
32
3
70
25
64
1
14
37
3
44
44
14
16
35
12
5
14
58
44
12
27
27
1
57
19
17
52
17
3
47
9
17
57
47
44
17
29
3
49
10
35
14
7
44
41
44
7
54
17
42
10
52
44
11
10
43
44
24
63
34
10
9
35
0
12
54
44
31
8
17
60
14
55
60
21
18
49
14
24
17
4
11
23
3
16
67
28
55
64
14
14
45
41
14
14
42
35
55
28
18
35
35
7
31
39
40
13
39
9
65
5
17
24
44
23
55
39
34
9
9
0
17
5
9
14
14
51
11
6
50
14
5
18
37
10
9
53
40
42
44
33
14
12
30
14
9
10
14
26
47
9
24
9
23
57
40
24
20
40
1
46
56
24
47
24
24
30
14
22
47
5
44
58
44
18
13
17
27
14
10
3
24
14
36
28
49
51
14
50
29
17
17
5
54
8
14
24
52
57
9
17
44
42
13
60
13
21
23
24
9
52
66
17
45
17
9
10
17
4
44
40
54
55
50
11
3
5
6
11
16
44
27
35
14
17
29
40
13
9
14
0
9
10
36
45
35
20
3
43
9
47
44
24
10
64
27
44
11
16
67
14
13
35
52
9
32
5
13
54
13
14
0
69
42
0
66
5
40
9
44
24
49
24
17
44
8
17
60
9
44
33
5
13
59
5
47
8
55
13
3
44
0
9
22
40
51
27
57
60
23
23
21
14
13
12
16
0
23
24
23
14
13
39
17
24
32
0
2
51
7
18
24
24
9
10
54
50
18
14
27
41
36
9
61
26
23
5
9
67
3
17
11
45
5
38
24
5
50
14
9
26
13
6
14
62
10
34
11
24
49
70
16
36
57
66
13
30
5
36
16
44
69
35
34
14
5
10
44
44
39
13
27
11
13
12
9
36
0
44
55
39
44
44
41
0
23
11
40
42
12
24
24
14
16
13
24
11
24
9
14
14
3
0
61
17
30
38
14
5
64
4
40
44
17
49
27
35
13
42
5
13
42
24
23
0
14
18
33
14
17
57
35
54
27
9
38
40
19
24
9
33
44
9
44
44
5
45
33
18
12
23
0
39
30
45
20
11
56
3
26
5
13
11
44
36
27
13
0
14
39
24
35
64
25
11
11
42
3
14
14
35
54
45
0
1
18
3
39
21
14
17
9
62
14
11
3
47
54
39
19
44
24
10
71
4
24
20
14
61
64
53
13
44
15
11
46
14
13
47
18
23
61
9
0
37
29
44
9
43
62
71
10
7
5
35
24
43
37
39
54
21
60
5
47
14
13
49
17
49
46
13
17
11
24
44
67
14
5
0
24
33
24
18
3
3
3
17
54
3
40
24
56
14
44
10
19
14
35
13
62
24
36
51
52
21
14
1
39
17
24
17
23
14
23
13
3
20
49
12
64
44
23
24
9
11
14
18
18
39
24
47
9
24
26
42
14
35
12
11
3
39
11
44
10
21
28
9
44
0
13
49
23
17
5
44
21
13
44
23
14
5
29
36
44
11
7
10
4
29
16
17
35
5
5
9
24
24
13
17
17
54
0
42
5
15
23
43
24
11
14
9
39
44
71
10
14
9
9
40
10
5
16
32
9
24
9
46
44
14
64
50
27
24
22
49
9
13
11
44
47
49
5
30
24
17
32
28
14
9
48
14
12
47
18
19
50
24
13
42
32
28
14
17
35
27
40
22
36
18
33
14
24
18
54
51
12
20
20
3
26
43
61
14
3
14
5
0
1
25
14
10
50
50
0
38
1
35
30
32
24
58
3
40
28
14
11
61
21
20
9
0
14
49
42
50
58
17
23
14
35
23
24
13
44
27
0
0
0
42
38
28
64
55
69
43
24
29
3
0
9
14
21
9
19
13
9
10
61
14
4
5
17
47
18
11
27
31
24
23
10
35
24
9
24
9
7
24
9
66
40
12
0
14
35
44
33
60
31
16
60
50
23
13
0
35
20
0
38
2
9
14
14
39
49
44
10
51
54
17
61
26
24
57
9
11
13
19
30
52
20
61
1
50
45
44
14
46
9
44
17
44
39
0
13
54
0
44
40
40
9
23
48
60
44
5
50
3
27
10
42
40
69
44
60
39
5
44
65
11
28
24
24
4
13
17
5
17
12
28
17
30
30
14
45
20
44
6
44
23
1
44
12
14
3
27
61
36
9
50
45
14
22
32
9
9
9
72
5
13
66
24
3
35
9
35
24
10
20
9
3
18
35
7
11
3
4
28
1
42
44
14
34
14
11
44
10
27
65
14
60
64
45
11
42
5
29
13
50
44
28
3
26
11
62
23
10
14
35
44
12
20
61
9
47
50
11
53
3
35
9
10
35
14
39
24
39
24
17
18
39
5
23
24
29
39
27
44
44
9
57
43
35
17
11
3
44
14
46
9
40
14
3
60
9
18
5
67
13
45
12
33
9
14
29
27
1
54
60
35
5
17
0
5
24
37
24
3
23
43
18
44
14
14
1
0
64
33
14
48
17
14
20
0
24
13
55
36
11
14
35
3
16
30
17
42
54
35
5
24
23
53
69
45
12
9
11
69
0
13
0
24
19
23
35
5
60
13
58
39
14
9
17
14
0
51
14
24
14
57
9
8
17
44
40
14
24
12
18
61
14
5
10
9
67
24
9
3
49
39
17
9
14
1
35
39
5
23
17
9
44
0
17
23
9
40
11
5
49
9
26
4
14
55
42
42
42
64
39
9
43
47
41
28
47
50
10
39
70
1
24
35
39
34
44
10
3
24
28
35
44
11
60
60
50
12
9
12
62
42
42
44
34
48
47
50
7
72
60
14
27
9
39
41
3
32
35
27
9
27
0
73
26
24
0
13
37
39
61
48
44
54
39
54
14
14
22
10
0
21
16
19
13
63
3
10
61
5
9
14
40
26
14
40
41
23
0
30
42
5
35
30
24
23
22
16
41
40
17
9
11
13
14
3
9
3
11
0
32
66
0
14
33
40
45
18
18
57
3
60
35
9
38
28
3
35
16
11
34
45
10
26
68
24
11
20
14
35
40
9
9
3
14
47
7
2
3
54
31
11
17
57
28
14
24
14
10
42
47
47
33
24
17
39
24
0
28
27
37
17
35
57
28
4
14
0
41
53
17
50
44
62
9
7
3
44
11
50
50
9
64
9
24
3
14
5
61
11
70
29
18
35
55
9
40
57
5
3
62
24
40
18
28
11
10
17
9
60
53
14
10
40
3
53
16
0
40
23
60
28
14
52
24
11
24
27
24
42
5
1
24
68
16
18
9
48
9
52
57
0
41
0
29
11
44
39
14
40
24
13
60
24
3
53
0
27
40
14
18
63
54
29
1
20
43
3
39
40
35
19
41
44
22
14
9
14
6
5
60
39
21
23
3
0
43
9
43
13
41
17
44
17
5
0
60
7
55
24
18
3
60
24
24
9
19
30
26
4
34
24
40
64
14
14
9
9
10
27
49
3
21
43
60
24
47
3
14
42
12
17
24
67
12
14
34
3
15
36
10
35
43
10
35
35
18
35
14
46
38
5
0
61
39
5
30
51
13
6
44
54
40
9
50
70
9
11
18
18
3
52
0
24
23
44
17
10
64
42
44
17
37
9
17
5
39
22
47
0
49
1
17
7
64
9
22
14
59
3
20
16
40
23
44
13
24
5
32
11
35
12
45
7
14
34
36
5
39
34
18
9
4
37
24
51
64
14
5
39
32
12
17
11
11
32
24
11
62
14
47
27
40
54
35
5
11
1
24
30
24
17
44
40
14
19
17
17
5
13
0
38
24
14
16
44
45
14
24
28
10
9
11
42
24
54
39
36
10
9
25
27
34
45
24
3
41
66
14
10
24
3
37
39
17
23
18
40
18
17
19
24
20
14
43
20
35
43
10
69
43
18
35
12
40
55
18
9
39
13
34
5
9
14
20
40
13
17
27
47
29
5
23
23
57
24
24
39
61
61
42
30
23
24
37
29
49
51
0
24
60
18
3
14
60
8
22
12
44
27
9
39
33
17
22
0
5
37
11
43
70
45
17
11
40
47
17
24
5
5
64
13
39
13
44
23
9
30
13
14
11
14
5
19
12
10
27
40
3
44
14
9
13
57
0
14
13
24
13
44
54
39
43
10
23
12
13
26
9
24
61
5
35
39
9
9
5
14
39
69
14
65
14
11
24
13
39
9
8
20
16
39
40
69
4
17
23
1
5
17
44
12
44
39
32
13
19
3
44
66
5
21
11
14
9
28
34
14
33
5
49
48
