0
1
2
3
4
5
6
7
8
9
10
11
10
12
13
14
10
15
15
16
17
18
10
1
19
6
3
20
13
15
17
21
22
23
24
25
26
27
10
28
20
23
29
0
10
30
31
32
23
27
33
34
1
35
10
6
36
37
22
27
23
11
38
39
12
15
40
20
41
15
34
42
14
17
43
12
44
45
20
37
26
43
23
43
10
31
46
47
48
23
49
6
41
13
13
43
13
50
49
20
15
11
51
6
42
36
22
52
53
49
12
23
20
54
55
17
56
13
31
49
23
45
15
57
57
6
47
19
20
3
21
12
47
53
22
16
21
9
10
35
27
36
20
10
58
51
59
60
0
23
35
28
47
28
61
10
47
10
47
39
19
15
26
10
21
6
54
10
31
23
16
48
23
23
54
6
6
61
2
6
28
53
15
51
62
35
12
6
10
12
41
41
24
63
64
59
23
12
9
11
65
10
43
61
66
11
16
29
10
6
67
13
42
42
15
10
68
6
23
63
44
19
17
17
47
6
23
39
53
50
1
69
23
22
15
31
54
20
70
23
70
13
48
71
15
20
70
20
7
49
23
24
3
15
41
72
31
12
23
66
21
15
17
70
64
29
62
68
54
64
69
62
30
10
6
3
69
51
13
15
15
22
1
64
20
10
17
15
23
41
68
62
37
46
10
54
28
47
15
26
69
56
23
72
38
47
20
11
10
12
68
69
28
6
28
46
13
2
73
70
61
6
42
5
6
6
69
23
10
13
60
47
6
51
35
12
62
23
11
42
29
70
53
34
17
27
23
49
7
51
10
10
65
62
23
13
10
47
0
6
69
37
21
47
6
54
31
7
70
12
23
19
23
74
0
3
6
16
20
17
7
69
28
6
59
48
54
23
6
54
2
68
0
15
69
64
50
75
23
29
45
12
18
23
15
47
22
15
10
58
36
15
29
61
31
31
61
9
6
17
49
53
18
28
10
70
43
32
35
67
50
69
10
63
61
25
44
15
39
64
47
10
74
23
44
17
15
24
63
0
76
77
10
10
7
69
78
31
1
13
33
20
29
7
10
27
41
54
23
6
37
39
43
69
1
15
68
24
15
13
23
28
76
25
13
6
64
23
44
49
10
69
28
10
13
62
28
6
7
45
72
49
22
19
9
15
76
61
54
62
12
61
23
62
34
2
10
6
10
3
31
8
1
22
62
61
23
51
0
48
10
54
10
62
6
79
6
45
80
17
46
54
6
15
20
20
16
61
12
10
12
31
63
45
31
23
54
51
54
10
13
23
49
0
20
62
10
45
16
7
17
47
12
10
67
13
76
7
10
62
50
67
15
11
61
6
60
70
40
25
1
19
5
34
58
59
50
74
1
64
39
43
47
54
20
35
47
48
6
64
62
47
12
68
28
1
53
10
15
70
15
21
62
10
15
66
62
47
15
75
43
79
11
49
20
54
47
46
77
8
61
15
51
11
26
47
41
11
53
47
23
5
37
11
10
49
17
12
61
47
33
19
15
69
14
42
69
3
17
79
20
23
15
52
41
81
17
35
43
45
42
17
23
20
54
46
20
35
51
49
76
45
16
22
36
54
33
24
45
13
3
10
58
6
15
23
47
22
82
70
74
10
10
17
15
6
10
20
64
57
31
83
84
20
6
48
58
11
10
25
29
51
54
36
20
12
71
20
10
11
23
39
62
10
23
10
22
66
29
23
19
29
1
55
53
23
62
23
23
71
20
21
62
6
47
67
47
17
13
15
68
20
7
30
23
23
16
26
79
57
20
3
84
15
15
6
61
9
64
23
65
68
10
15
44
51
13
42
61
3
57
23
10
70
28
15
7
15
10
11
15
52
47
29
61
52
84
41
13
6
8
31
18
47
68
49
20
15
30
29
61
31
20
0
41
11
16
7
49
19
85
53
10
62
47
23
11
4
28
54
31
0
13
20
13
49
66
10
52
6
13
61
48
20
22
62
51
17
78
6
45
10
54
23
79
23
15
54
9
15
42
10
47
81
6
13
36
6
56
24
69
44
72
54
0
31
21
29
60
28
68
69
50
47
3
20
61
12
35
17
22
23
9
20
61
70
15
23
63
0
81
63
54
48
23
23
10
11
61
84
16
20
28
46
16
10
69
27
22
6
10
13
14
15
31
7
6
40
23
6
84
20
10
27
13
79
64
3
11
37
31
23
79
59
18
16
5
43
13
71
6
16
35
47
62
49
37
20
6
11
47
54
24
44
28
41
44
12
31
16
17
47
76
42
54
47
46
0
50
31
45
77
12
23
23
20
18
13
23
31
1
10
20
20
47
0
24
15
32
40
20
6
4
52
29
47
15
79
68
49
13
51
6
13
51
23
50
17
20
17
36
64
15
77
49
61
28
10
40
29
41
23
31
36
54
10
47
47
6
54
81
48
12
50
17
42
71
54
19
31
65
39
27
6
47
31
47
38
28
27
17
64
42
23
49
74
50
31
41
51
65
64
20
49
61
54
0
1
17
80
76
3
23
15
10
3
20
41
43
62
48
69
41
47
23
11
68
52
23
19
64
24
74
25
13
47
68
41
55
23
61
62
48
22
24
10
17
39
84
47
31
42
3
57
7
54
6
0
23
53
58
24
61
3
66
6
62
20
44
79
15
79
55
27
15
31
23
47
13
64
6
17
1
36
23
17
44
30
72
15
61
0
45
23
72
14
47
11
10
20
36
13
3
23
16
57
69
3
20
1
66
15
23
15
22
23
50
13
43
19
79
12
4
54
50
23
10
41
20
17
17
24
23
62
10
23
27
51
20
49
12
31
8
70
10
54
11
3
28
10
47
0
44
79
22
15
6
47
3
27
47
84
23
6
32
38
47
10
54
11
70
60
18
15
49
6
6
10
23
23
13
15
15
61
0
51
6
63
9
53
23
31
64
10
70
54
57
7
64
10
10
45
11
6
18
34
10
23
31
69
47
20
8
84
28
23
58
79
10
27
31
47
62
79
6
7
23
15
52
26
20
10
59
20
43
62
48
33
84
1
44
51
63
45
23
15
49
78
29
21
16
16
36
20
23
48
61
63
12
67
67
43
27
53
24
64
63
23
6
17
1
50
23
11
84
3
17
81
1
49
7
21
23
67
43
29
29
20
31
76
3
67
10
17
64
79
51
84
85
15
22
20
49
57
23
27
47
28
0
17
17
51
40
26
74
76
62
70
23
84
66
3
31
64
3
10
41
13
10
11
24
23
53
6
15
62
17
41
68
12
23
49
7
49
23
10
23
31
24
16
10
78
29
80
17
64
11
47
36
69
12
0
69
84
50
13
17
0
19
17
40
2
10
23
14
42
79
54
11
60
61
15
24
39
23
66
10
41
27
41
71
69
19
24
1
84
7
47
20
55
31
54
15
47
70
54
13
61
0
47
29
45
10
9
59
69
22
6
84
75
68
11
51
29
62
47
69
42
6
47
12
41
26
23
23
52
13
15
6
15
12
31
15
71
71
20
7
19
47
8
44
22
1
47
12
20
75
68
69
16
41
84
54
20
21
34
10
10
10
72
6
13
78
23
43
49
31
49
23
11
19
31
43
48
49
54
31
43
52
45
1
51
47
23
37
35
31
47
11
68
58
20
24
4
7
31
51
6
21
13
84
47
26
22
72
31
72
50
11
20
49
47
12
67
24
10
62
84
31
25
36
30
10
11
49
23
42
23
70
23
15
17
24
6
64
23
75
70
68
47
47
10
34
53
49
15
31
65
47
23
55
10
29
20
50
69
10
16
6
13
44
7
48
17
31
14
71
68
1
61
69
49
6
15
0
6
23
39
23
77
50
53
16
47
20
20
1
0
29
36
23
59
15
20
56
17
23
44
42
71
10
20
49
77
15
71
15
51
61
0
6
23
43
25
62
54
12
10
31
62
0
13
0
23
31
22
49
6
69
13
43
44
35
10
15
13
0
57
20
23
23
68
10
24
15
47
29
64
23
12
48
69
14
7
11
10
65
23
10
0
79
76
15
10
64
1
49
70
6
84
15
10
54
0
15
22
10
45
31
27
79
10
39
52
64
24
51
51
51
8
42
10
53
72
46
45
62
84
11
42
38
1
23
49
70
66
54
11
30
23
45
49
47
41
42
69
84
12
10
12
3
51
51
47
37
48
62
84
74
85
69
23
28
10
42
17
85
34
49
28
10
28
0
4
27
23
0
13
39
70
24
59
54
61
42
61
20
20
21
11
17
3
18
41
61
5
43
11
69
6
10
23
45
27
20
29
46
22
17
71
51
6
49
71
23
22
21
0
46
26
15
10
41
61
20
81
31
50
31
0
21
68
17
20
36
29
54
16
16
53
26
69
49
10
48
29
5
49
18
41
37
7
11
27
43
23
31
19
20
49
45
10
10
43
20
62
54
2
57
61
66
31
15
34
45
20
23
20
11
51
67
62
36
23
15
70
23
0
45
28
58
15
49
34
45
42
64
0
46
25
15
84
47
3
31
54
28
54
31
3
84
10
57
10
23
66
35
6
24
31
59
75
17
11
52
10
45
42
6
14
3
23
29
48
45
31
11
15
10
24
25
35
7
45
52
25
18
3
45
50
69
29
20
52
23
31
23
28
23
51
6
1
23
76
35
16
10
59
10
70
53
0
46
0
71
31
54
42
20
45
23
13
66
23
52
25
0
28
29
20
17
74
61
84
1
67
53
43
70
29
49
10
46
47
21
20
65
20
8
6
69
70
3
50
13
17
53
10
53
13
46
15
47
15
6
0
69
54
42
23
48
43
66
23
23
31
41
32
27
52
37
23
29
76
20
14
10
10
11
68
79
4
3
53
42
23
62
78
20
51
12
15
23
13
12
20
37
43
68
38
11
49
76
11
17
0
16
49
23
56
40
6
0
69
24
6
71
57
61
8
47
61
29
10
3
38
10
10
16
16
63
25
0
23
0
47
15
5
4
51
54
15
39
10
15
6
70
21
43
0
79
1
15
54
74
41
53
14
62
36
67
18
45
57
54
13
23
6
52
41
49
48
7
54
64
37
38
6
24
37
48
10
53
39
23
60
74
20
6
70
34
12
15
31
31
34
23
10
72
64
56
28
29
61
49
7
31
1
1
71
23
15
47
45
64
41
15
15
6
13
17
40
23
20
35
47
7
20
23
26
11
10
31
51
23
61
42
71
11
10
50
28
37
7
23
43
56
78
64
11
23
18
39
70
15
22
16
45
17
15
41
23
19
20
53
19
49
24
11
62
42
16
49
12
45
69
5
10
42
44
37
6
10
64
19
45
13
15
28
56
75
6
22
22
68
23
23
24
24
24
51
71
22
16
58
30
79
63
17
23
24
16
81
20
69
9
21
12
54
68
10
70
81
15
21
17
6
39
31
53
38
54
15
41
20
62
15
23
6
6
74
44
66
62
47
22
10
71
27
64
31
64
6
41
12
48
28
29
56
47
23
10
44
34
0
20
13
23
61
47
61
3
53
7
22
12
27
81
10
23
69
6
49
24
10
31
6
23
69
62
20
58
64
31
23
13
70
10
19
0
18
42
29
62
52
15
57
1
6
15
47
12
54
70
52
13
10
50
54
60
6
3
31
20
31
45
74
64
36
6
79
48
