0
1
2
3
4
5
6
7
8
9
10
11
10
12
13
14
15
16
17
18
19
20
10
1
21
6
22
23
24
17
25
26
27
28
29
30
31
32
10
33
23
28
34
0
10
35
10
36
16
37
8
38
1
39
10
6
40
41
42
37
28
16
43
44
12
17
45
23
46
17
38
16
14
19
35
12
47
34
23
41
15
32
28
48
10
49
50
51
52
28
53
24
46
24
24
54
24
37
53
23
17
11
55
6
56
42
16
5
57
53
12
28
23
40
58
25
59
60
49
53
28
61
17
16
62
6
63
21
23
64
65
12
63
57
66
67
26
68
10
16
37
42
23
10
69
55
60
70
20
16
61
33
71
33
24
10
63
10
63
72
21
17
61
48
26
6
0
10
10
28
67
52
28
28
40
6
6
24
2
6
26
73
17
55
74
39
12
6
10
12
46
46
75
76
77
60
16
12
9
11
31
10
0
78
79
16
18
34
10
6
80
24
75
75
17
10
81
6
28
82
47
21
25
25
63
6
28
72
57
37
1
83
28
84
17
49
40
23
75
28
85
24
52
86
17
23
75
23
54
53
28
75
22
17
10
31
10
12
28
61
70
17
19
85
77
34
74
87
40
77
75
80
35
10
6
22
83
55
13
17
17
42
67
88
23
10
19
17
28
46
81
74
41
50
10
0
33
63
17
61
89
90
28
91
43
63
23
11
10
12
81
85
33
6
33
50
24
92
26
85
24
6
56
16
6
6
83
28
10
24
70
63
6
55
39
12
80
28
11
83
15
73
56
38
19
37
28
53
54
55
10
10
31
80
28
13
10
71
93
6
83
41
70
63
6
40
49
54
75
12
28
21
28
94
0
91
6
67
23
25
54
85
33
6
60
52
0
28
6
40
95
87
93
17
85
77
96
97
16
15
61
12
20
28
17
63
27
17
10
98
19
17
61
24
49
10
24
9
6
19
53
57
20
33
10
57
57
58
39
16
37
89
10
82
24
30
85
17
44
77
63
46
94
16
47
19
17
99
76
0
75
26
10
10
54
85
33
49
1
52
100
23
61
54
10
32
101
40
28
24
41
44
2
85
1
17
81
75
17
24
28
33
12
30
6
6
77
16
47
53
10
83
33
10
24
74
33
6
54
61
91
53
66
9
71
17
73
24
16
74
12
24
28
74
89
102
49
6
10
22
49
103
1
66
74
13
16
55
0
52
10
0
10
74
6
104
6
61
7
25
50
0
6
17
23
23
28
24
12
49
12
49
82
61
10
28
40
55
0
10
13
28
53
0
23
74
10
61
67
54
19
63
105
10
16
13
72
106
10
74
37
80
17
16
24
6
70
75
45
48
1
9
16
38
69
15
96
94
1
77
72
107
63
40
23
39
74
52
6
77
74
63
12
81
33
1
57
46
17
75
17
108
74
10
17
79
80
63
17
97
109
104
11
53
23
0
63
50
63
8
24
17
55
11
48
63
46
11
57
63
28
83
41
11
10
53
19
12
24
63
100
9
17
75
14
83
85
22
25
104
23
28
17
5
46
71
44
39
24
34
83
110
16
23
40
50
23
16
55
53
56
61
18
42
42
0
8
75
61
24
16
10
98
6
17
28
63
27
106
75
79
10
10
19
17
6
10
23
77
62
49
106
64
23
6
52
69
11
10
30
34
55
40
69
23
12
86
23
10
11
16
44
74
10
28
10
66
79
61
28
21
34
1
111
5
28
74
28
28
86
23
26
74
6
63
80
63
25
24
17
81
23
54
112
28
16
67
61
104
62
23
64
99
17
17
6
24
99
77
28
113
87
10
17
76
55
24
85
24
22
62
28
10
75
33
17
54
17
10
11
17
5
63
34
24
73
64
46
65
6
114
49
20
63
81
53
23
17
35
15
24
10
23
93
46
11
67
54
53
21
115
74
10
80
63
28
11
4
33
40
46
20
24
23
24
53
85
10
83
6
24
24
52
23
42
74
55
19
81
6
61
10
40
28
104
28
17
40
9
17
56
10
63
116
6
24
117
6
59
99
85
47
87
40
93
10
26
61
70
33
87
85
37
71
22
23
24
12
39
19
27
28
71
23
24
75
17
28
76
93
116
82
0
52
28
28
10
11
24
64
18
23
33
50
67
10
118
32
66
6
10
13
14
17
49
54
6
45
28
6
87
23
10
32
24
104
77
91
11
41
49
28
104
15
20
67
73
67
13
86
6
67
39
71
74
53
41
23
6
11
63
40
75
47
33
49
47
12
49
67
19
63
73
75
40
63
50
93
37
49
34
55
12
28
28
23
20
24
28
49
67
10
23
23
71
0
75
17
86
45
23
6
4
5
61
63
17
104
81
53
13
55
6
24
55
28
37
19
23
25
42
77
17
57
53
24
33
49
45
15
46
28
10
42
40
10
101
63
6
40
119
52
12
37
19
75
86
40
21
49
31
72
32
6
74
49
71
43
33
37
19
77
75
28
53
94
96
49
46
55
113
77
23
53
24
40
93
1
25
120
5
22
16
17
10
91
23
46
121
74
52
83
46
63
28
11
94
5
28
21
77
6
94
48
24
63
87
46
111
16
24
74
52
27
75
10
19
44
99
63
10
56
91
62
54
0
6
70
28
57
69
75
24
22
34
6
74
23
47
104
17
104
58
84
17
49
28
63
13
77
6
19
67
42
28
25
76
35
122
17
24
0
61
28
123
14
63
11
46
23
42
24
91
28
67
62
85
22
23
1
57
17
28
17
66
16
37
24
124
21
104
12
4
40
64
28
10
49
23
25
25
75
28
74
10
28
32
55
23
53
12
49
125
75
49
40
11
22
15
10
63
0
47
104
27
17
6
63
22
37
63
64
16
6
97
43
63
49
0
11
5
70
20
17
53
6
6
10
28
28
24
17
17
24
93
55
6
76
71
57
28
49
77
10
75
40
16
54
77
10
10
61
11
6
20
38
10
28
10
85
63
23
57
64
33
28
17
104
10
37
49
63
74
104
6
126
28
17
83
34
23
10
60
23
12
74
52
72
64
67
47
55
76
34
16
17
53
81
15
70
67
18
42
23
28
52
24
82
12
16
16
113
32
57
124
77
82
16
63
19
1
96
16
11
127
64
19
116
1
53
126
65
28
80
128
61
34
23
49
124
22
16
49
19
77
104
55
64
74
17
27
23
53
62
28
37
63
33
0
19
19
55
45
61
94
73
74
57
28
99
118
58
10
77
22
10
46
24
10
11
118
16
57
6
17
74
25
46
81
8
28
53
54
53
28
10
28
10
0
67
10
26
15
12
19
77
16
63
42
75
12
20
85
64
37
13
19
70
21
19
45
2
10
16
14
56
104
40
11
64
24
17
75
44
28
57
10
46
37
46
86
83
21
85
1
64
54
63
23
58
10
40
17
63
75
110
24
24
0
63
15
61
10
71
60
83
16
6
64
97
81
11
55
61
74
63
85
56
6
63
129
49
61
28
28
5
24
17
6
17
12
49
17
84
86
23
54
21
63
130
76
27
1
63
12
23
131
81
75
28
46
64
40
23
70
38
10
10
10
74
6
24
33
28
132
53
49
53
28
11
21
49
133
52
53
0
49
134
5
61
1
55
63
16
79
16
49
63
11
81
98
23
85
4
54
49
55
6
70
24
64
63
61
66
87
49
91
37
11
23
53
63
12
16
9
10
74
64
49
135
42
35
10
11
53
16
75
28
75
28
17
25
75
6
77
28
97
75
81
63
63
10
136
57
53
17
49
137
63
16
111
10
15
23
29
118
10
18
6
13
47
54
52
19
49
14
97
81
1
78
85
53
6
17
0
6
28
44
28
98
37
57
18
63
23
23
1
0
83
42
16
60
17
23
138
19
28
47
83
70
49
23
53
139
16
86
17
55
24
70
6
28
27
48
74
40
12
10
49
74
0
13
93
28
49
66
53
6
85
13
139
85
16
10
17
77
0
62
23
28
16
87
10
99
17
63
34
77
28
12
52
89
14
106
11
10
13
28
10
93
104
75
17
10
77
1
53
75
6
64
17
10
40
93
17
66
10
61
49
4
104
10
44
5
77
75
140
55
55
103
83
10
56
74
50
61
74
64
11
56
43
1
28
53
75
141
40
11
139
28
34
53
63
46
56
85
64
12
10
12
91
55
55
63
41
52
74
64
94
142
85
16
33
10
83
68
143
38
53
33
10
33
93
4
32
28
0
13
44
57
75
60
40
24
75
24
23
23
70
11
19
22
20
46
24
81
55
11
89
6
10
16
61
32
23
61
50
27
19
86
55
6
53
86
28
66
70
20
50
15
17
10
46
24
23
69
10
37
49
0
65
142
19
23
19
15
40
18
18
57
144
85
53
10
52
34
145
53
20
46
41
54
11
32
59
28
49
21
23
53
61
10
10
146
23
74
16
2
147
24
88
49
17
89
34
23
28
23
11
55
148
74
19
28
17
75
28
0
34
33
69
17
53
89
34
5
77
0
50
30
17
64
63
91
10
0
149
40
49
64
64
10
94
49
28
34
16
6
124
46
15
97
25
16
73
10
61
56
6
1
91
28
34
25
94
49
11
17
10
75
48
16
54
34
5
48
20
58
34
37
85
34
23
85
28
49
28
33
28
55
6
32
28
72
150
18
10
60
10
57
57
93
50
0
97
49
40
75
23
61
28
24
151
28
152
30
0
33
15
23
25
153
24
99
1
16
57
154
75
15
53
46
50
63
155
23
10
23
130
6
56
75
2
37
13
19
57
10
57
24
50
17
63
17
6
0
85
0
83
28
52
156
34
28
28
10
101
36
32
5
41
28
61
72
23
14
10
10
11
81
104
4
22
56
56
28
74
81
23
55
12
17
28
13
12
23
41
131
87
43
11
53
56
11
19
70
18
53
16
58
45
6
93
89
75
6
86
62
24
130
63
24
61
10
64
43
10
12
18
18
76
48
93
28
3
63
17
73
4
55
40
17
72
10
17
6
56
26
139
0
104
1
17
0
94
46
57
14
74
26
16
20
34
62
40
24
28
6
83
49
53
52
54
0
77
41
43
6
75
41
52
46
57
72
28
70
94
23
6
75
38
12
17
49
46
38
28
49
157
77
59
33
15
24
53
106
49
1
67
86
28
17
63
34
77
46
17
17
6
13
19
45
28
23
39
63
54
23
28
61
11
46
49
55
28
24
56
70
11
10
96
6
41
54
28
158
21
33
77
11
28
159
72
75
17
84
18
34
25
17
46
28
21
23
57
21
53
56
25
74
56
18
53
12
61
5
73
10
75
47
41
6
10
77
21
61
13
17
33
59
97
6
66
27
87
28
28
75
151
151
55
86
66
67
69
35
104
82
19
28
57
18
116
23
85
9
26
12
40
81
10
75
116
17
33
19
6
72
49
57
43
40
17
46
15
80
17
28
6
6
94
47
41
74
63
27
10
86
13
77
49
77
6
46
12
52
33
34
58
63
16
10
47
89
0
23
24
28
24
63
24
16
57
54
27
12
37
44
10
28
89
6
53
75
73
10
6
16
85
74
23
98
77
49
28
24
57
10
9
20
20
75
34
80
5
17
62
1
6
17
63
12
40
85
83
24
46
4
40
160
6
22
49
23
10
61
79
77
42
6
104
25
