0
1
2
0
3
4
5
2
6
7
8
9
8
1
10
11
11
11
12
13
14
15
8
1
16
5
16
11
10
12
14
17
18
11
0
19
20
21
8
22
11
11
23
0
8
24
8
25
11
21
26
5
1
15
8
5
26
27
11
21
28
9
29
30
1
12
31
11
32
12
5
0
11
14
2
1
16
23
11
27
6
27
11
28
8
8
3
26
29
11
13
5
32
10
10
9
10
13
13
11
12
9
33
5
34
2
5
4
34
13
1
11
11
35
3
14
30
10
36
13
11
23
12
27
11
5
37
38
11
39
39
1
37
34
18
13
25
40
29
15
21
41
11
8
35
33
5
42
33
11
43
39
37
39
10
8
37
8
37
30
16
12
23
0
43
5
16
8
8
11
2
5
11
11
35
5
5
5
36
5
2
44
12
18
41
15
1
5
8
1
8
32
0
43
45
2
11
1
2
9
28
8
0
11
44
9
13
6
8
5
46
10
34
0
12
8
39
5
11
43
16
38
24
14
37
5
11
30
34
13
1
47
11
0
12
8
35
11
4
11
0
5
24
25
12
11
4
11
9
13
11
0
16
12
8
28
8
1
11
23
33
12
14
4
0
6
41
39
35
45
4
2
24
8
5
16
47
33
10
12
12
0
28
2
11
8
14
12
11
8
39
41
27
2
8
16
39
37
12
23
47
2
11
42
29
37
11
33
8
1
39
47
39
5
39
13
10
36
39
4
10
5
34
32
5
5
47
11
8
10
6
2
5
33
15
1
41
11
9
44
6
44
17
5
14
21
11
13
2
33
8
8
28
41
11
10
8
37
33
5
47
27
33
37
5
35
8
9
4
1
11
38
11
27
0
33
5
24
11
24
9
47
39
5
2
24
16
11
5
35
2
35
33
12
34
45
27
22
11
6
6
1
15
11
12
37
18
12
8
43
14
12
6
5
36
8
5
7
5
14
13
34
15
39
8
4
26
3
15
37
13
47
8
43
5
19
0
12
30
45
37
36
27
11
16
14
12
42
43
0
4
17
8
8
9
4
22
8
1
10
26
11
6
5
8
21
32
35
11
5
27
30
16
4
1
12
39
0
12
10
11
22
1
19
10
5
45
11
16
13
8
47
39
8
10
41
48
26
9
6
42
13
39
41
7
12
21
10
16
41
1
5
11
41
0
2
8
5
8
16
8
16
1
18
41
10
11
33
0
5
8
16
8
41
5
15
5
6
2
24
13
16
5
12
11
11
28
5
1
8
1
36
43
6
36
11
35
33
16
8
10
11
13
0
11
41
8
6
24
9
14
37
1
8
37
10
40
9
8
41
27
46
12
9
10
5
33
34
31
0
1
41
26
5
35
24
26
27
1
45
30
2
37
35
11
15
6
29
5
45
31
37
1
39
39
1
34
8
12
4
12
17
41
8
12
22
46
37
12
22
2
15
33
13
11
16
37
13
37
30
5
12
33
9
29
37
8
9
34
37
11
47
27
33
8
13
14
1
5
37
26
41
12
4
11
4
4
16
14
15
11
11
12
4
8
19
30
15
10
23
34
0
11
11
35
13
11
15
33
13
7
23
2
11
33
16
26
0
6
10
0
8
43
5
12
28
37
18
46
0
27
8
8
14
12
5
8
11
45
14
36
46
33
11
5
24
47
33
8
19
6
33
35
17
11
1
25
11
8
9
11
30
41
8
11
8
39
22
6
11
38
6
1
3
28
11
41
11
11
25
11
17
41
5
37
46
37
14
10
12
39
11
9
2
11
11
28
23
15
14
11
39
13
12
12
5
5
7
45
11
2
35
8
12
43
33
10
4
5
16
11
11
8
44
49
12
9
12
8
9
12
4
37
6
5
26
38
8
10
5
38
36
15
37
39
13
11
12
24
6
5
8
11
33
8
9
24
5
13
29
49
4
8
41
37
11
9
19
22
35
32
33
10
11
10
13
44
8
0
5
10
5
10
11
33
31
33
14
49
5
6
8
35
11
15
11
12
35
7
12
34
8
37
32
5
10
17
5
30
42
4
16
40
35
33
8
43
6
42
39
35
4
13
37
16
11
5
1
15
14
18
11
37
11
5
34
12
11
43
33
32
43
16
24
11
11
8
33
5
39
13
11
39
3
28
8
47
21
18
5
8
10
11
12
36
9
5
31
11
5
39
11
8
21
10
15
45
2
9
27
8
11
15
29
15
24
22
7
10
25
5
28
15
37
41
13
27
11
5
9
37
35
0
16
39
32
16
1
36
24
14
37
21
34
35
37
13
33
13
36
23
33
1
11
11
11
15
10
11
36
6
8
11
11
37
0
21
12
25
31
11
5
38
4
6
37
12
15
39
13
10
33
5
10
33
11
13
14
11
14
14
45
12
34
13
5
39
8
31
6
8
11
8
14
35
8
37
37
5
35
32
24
1
13
14
34
25
35
49
36
28
30
21
5
6
36
37
29
39
21
14
45
34
11
13
27
27
8
32
33
2
45
11
13
5
35
33
1
14
2
44
16
11
12
8
33
42
8
2
41
24
34
32
37
11
33
2
4
11
26
45
47
27
0
10
37
39
32
3
11
5
41
24
18
47
8
14
30
13
37
8
34
33
38
9
16
5
33
11
34
35
34
5
16
17
5
41
11
16
15
12
15
3
21
12
8
11
37
10
45
5
14
28
14
11
14
43
2
26
12
5
2
6
11
28
11
37
9
36
11
33
10
33
11
24
14
47
16
11
1
17
12
11
12
18
11
13
10
38
38
15
1
38
35
42
11
8
8
11
24
14
0
11
41
8
11
21
33
11
13
1
36
2
4
36
35
33
16
23
8
37
0
16
15
18
12
5
37
16
21
37
23
11
5
22
29
37
8
16
9
4
29
15
12
13
5
5
8
11
11
10
12
12
5
33
33
5
43
37
34
11
36
45
8
4
35
27
9
45
8
8
6
9
5
15
5
8
11
8
4
37
11
16
39
39
11
17
15
8
21
36
37
41
15
5
9
11
12
0
23
11
8
2
11
26
41
24
46
39
6
16
33
43
23
11
12
2
49
6
33
28
13
14
11
28
24
10
43
1
37
37
2
21
34
26
45
43
11
5
14
1
14
11
9
2
39
14
18
1
13
9
39
11
41
2
6
6
11
8
0
16
37
8
14
45
15
33
39
46
12
18
11
13
11
11
21
37
39
0
14
14
33
31
6
27
4
49
34
11
13
2
0
8
45
16
8
8
10
8
33
47
11
0
5
12
41
14
32
39
26
11
13
9
13
11
8
11
8
0
28
8
22
6
1
14
45
9
37
14
47
1
15
4
39
13
10
14
33
16
14
31
6
8
11
11
34
15
35
9
42
5
12
0
30
28
44
8
8
21
32
25
47
38
47
1
39
9
37
11
3
8
35
12
37
4
0
10
5
0
37
6
6
8
37
31
47
5
5
39
2
39
33
33
6
41
37
34
34
5
37
13
36
23
11
11
4
10
12
5
12
1
8
12
25
25
11
9
16
37
38
43
18
1
37
1
11
2
39
47
28
8
6
35
11
29
5
8
8
8
41
5
10
22
11
2
13
8
13
28
33
16
36
2
24
13
16
36
32
44
23
1
33
8
11
2
15
36
37
9
39
43
11
47
38
9
36
33
5
22
10
39
37
23
39
29
36
33
13
33
11
13
37
1
37
22
8
41
39
8
19
14
13
8
9
13
11
34
28
4
11
12
14
0
5
0
11
22
44
39
37
37
8
28
34
13
12
36
38
37
11
3
32
6
11
43
17
8
13
5
10
16
5
4
33
8
11
22
39
1
11
34
13
5
12
0
5
11
30
11
40
13
34
13
37
11
11
1
0
50
14
11
37
12
11
2
14
11
16
34
25
8
11
13
2
11
25
12
33
5
33
5
11
18
2
41
35
1
8
36
41
0
10
33
11
32
18
13
5
4
10
2
0
15
8
12
33
0
14
11
11
11
35
8
42
12
37
6
45
11
1
24
47
11
9
9
8
10
11
8
2
15
34
12
8
45
1
13
0
5
0
12
8
35
33
12
18
8
49
36
5
15
8
30
4
45
0
2
33
33
16
34
8
34
41
13
23
41
38
33
34
29
1
11
13
0
27
35
9
48
11
23
13
37
32
34
17
33
1
8
1
33
33
33
37
27
24
41
39
27
49
4
11
39
8
34
2
20
5
13
39
8
39
33
38
21
11
0
10
30
0
4
37
35
5
34
5
11
11
42
33
14
16
15
36
5
47
47
9
47
5
8
11
6
21
11
6
13
18
14
25
33
5
13
25
11
39
33
33
13
6
12
8
8
10
11
38
8
2
36
0
39
2
14
11
14
6
35
13
13
34
23
4
13
8
4
23
2
13
15
8
27
5
9
21
7
11
36
16
11
13
6
8
8
5
11
41
16
36
38
5
44
8
12
34
23
11
11
11
9
33
48
41
33
11
12
44
11
0
23
39
35
12
13
0
23
4
45
0
3
19
12
39
37
45
8
16
26
35
8
39
33
36
0
8
28
2
15
5
0
36
24
22
14
9
4
8
6
34
5
1
45
11
6
4
23
8
33
12
8
34
33
15
9
6
2
0
15
0
6
13
4
23
11
4
11
36
11
39
11
33
5
27
11
30
28
13
8
37
8
4
7
33
13
0
22
8
35
34
11
6
11
10
2
11
4
19
0
22
6
11
14
25
5
13
1
37
34
2
44
6
13
8
13
37
43
11
8
11
40
5
34
0
6
13
10
14
17
8
26
10
13
12
8
12
5
0
4
16
34
11
24
46
17
11
11
8
32
25
21
4
27
11
6
40
11
11
8
8
9
39
15
2
16
34
34
11
41
22
11
33
1
12
11
10
1
11
27
2
39
29
9
13
17
9
14
33
13
13
11
3
31
5
33
47
0
5
25
14
5
40
37
5
6
8
39
29
8
1
13
13
43
29
33
11
33
37
12
0
38
33
35
12
30
8
12
5
4
17
2
0
15
1
12
16
27
32
17
11
41
48
37
2
6
11
35
10
11
5
0
8
13
14
9
16
45
27
29
5
4
27
24
36
34
30
11
22
27
11
5
0
5
1
12
36
8
5
11
36
42
45
30
39
6
5
13
9
36
1
13
25
11
12
37
23
45
36
12
12
5
10
14
31
11
11
15
37
27
11
11
6
33
36
8
33
11
5
34
25
9
8
27
5
27
9
11
2
22
22
45
9
11
15
30
0
12
33
13
6
14
12
8
11
38
11
34
38
13
17
10
41
34
13
13
1
6
17
34
8
34
16
27
5
8
45
16
6
10
12
39
30
28
5
39
18
35
11
28
0
47
47
33
25
41
24
47
24
15
43
14
11
34
13
32
11
34
7
43
1
35
39
8
34
50
12
39
14
5
30
36
34
29
35
12
32
6
41
12
11
5
5
27
16
17
50
37
18
8
25
21
45
36
45
5
8
1
9
39
6
3
37
11
8
16
0
0
11
10
11
5
37
5
0
34
9
18
1
21
30
8
11
47
5
13
0
8
8
5
11
4
41
11
43
45
8
11
10
34
8
41
0
15
0
6
41
4
12
11
1
5
12
37
1
35
4
0
10
32
38
35
39
5
16
8
11
8
23
27
45
14
5
15
24
