0
0
1
0
2
3
0
0
0
4
0
0
0
0
0
0
0
0
0
5
0
0
0
0
0
0
6
0
0
0
0
3
0
0
7
8
9
0
0
0
0
0
9
0
0
10
0
11
0
0
12
0
13
11
0
0
0
14
0
0
0
0
15
15
16
0
17
0
18
19
0
0
0
0
20
0
0
9
0
14
21
0
0
22
0
0
23
24
0
0
0
0
0
0
0
25
0
0
0
0
0
0
0
0
3
0
0
7
0
0
0
0
0
0
26
0
27
0
0
0
0
9
0
0
0
0
0
28
0
0
0
29
0
0
0
0
0
30
0
0
0
0
0
0
30
0
31
32
0
0
0
33
0
0
0
0
0
0
0
0
0
0
21
34
35
0
0
0
0
0
0
0
0
0
0
0
0
0
36
0
37
38
0
0
39
0
0
0
0
40
0
0
0
41
0
42
0
43
44
0
45
0
0
0
0
0
0
0
0
0
46
0
0
0
0
0
47
48
0
49
0
0
25
0
0
0
0
50
0
0
0
51
0
0
19
0
0
0
7
0
0
52
25
53
19
0
0
0
0
0
0
0
6
0
18
0
0
54
0
21
0
0
0
7
0
9
39
0
0
0
7
55
10
0
56
6
51
0
57
0
0
58
0
0
0
0
0
19
0
18
47
39
0
59
0
0
60
0
19
9
3
27
0
61
17
0
0
0
0
62
47
0
0
0
33
0
0
1
37
0
0
0
3
0
0
0
0
0
0
0
32
50
0
0
0
16
39
0
0
7
9
38
63
64
51
0
0
0
65
66
0
0
45
39
0
0
0
0
5
0
51
14
0
0
0
0
0
65
7
16
0
0
0
0
0
0
0
67
0
0
65
0
0
0
68
0
0
0
0
0
69
70
5
19
0
71
0
72
0
9
0
73
74
0
19
0
0
19
0
0
58
19
0
75
18
0
0
4
0
0
0
0
74
76
0
7
38
77
0
0
78
79
0
56
0
8
0
19
0
0
50
0
80
0
81
51
19
82
41
83
84
85
0
0
0
7
0
18
0
58
0
0
9
0
0
0
18
0
0
86
14
15
0
0
24
19
47
7
19
0
0
47
16
87
20
0
0
0
0
0
0
0
88
0
0
39
47
0
65
89
0
0
0
4
4
19
0
0
0
39
16
0
0
39
0
90
0
0
0
6
0
91
13
77
0
57
0
66
0
0
0
0
0
39
52
0
0
9
55
0
59
0
52
19
0
0
0
0
16
0
16
18
6
9
18
0
0
66
0
0
0
0
0
0
0
39
18
0
0
65
0
0
0
0
0
33
50
0
0
0
92
46
19
0
0
0
32
0
17
0
24
4
0
64
30
9
60
80
24
0
0
0
50
0
0
0
39
93
0
0
39
82
73
47
0
24
94
18
19
33
19
3
39
18
19
14
39
0
19
95
96
97
0
98
0
0
82
59
0
38
0
19
66
0
99
0
0
0
38
50
0
0
14
0
0
67
51
0
0
0
100
4
19
7
0
0
7
6
0
101
0
0
19
102
0
0
103
0
104
9
7
105
0
0
106
59
0
0
66
0
84
21
5
0
0
63
107
0
0
0
0
0
74
0
19
0
0
0
103
7
14
0
0
0
19
0
18
0
0
108
18
103
0
0
0
25
30
0
0
15
9
66
0
30
0
16
0
0
18
96
0
15
39
0
0
0
77
109
21
0
28
9
24
26
35
0
39
0
0
0
0
0
39
0
50
46
50
0
0
19
47
0
65
110
0
0
0
9
97
108
0
111
112
19
19
52
0
4
71
0
0
70
0
19
0
66
57
7
57
6
0
0
0
33
47
19
65
19
18
0
19
7
0
9
0
113
36
18
114
0
94
0
74
0
47
0
0
19
10
9
57
18
0
5
18
0
67
65
0
115
116
0
0
39
50
0
0
0
47
0
18
0
57
0
0
0
35
0
0
0
0
0
0
0
58
0
66
51
117
0
21
18
0
0
97
0
19
0
118
19
0
18
50
119
0
57
85
0
27
82
33
0
70
0
5
0
120
9
32
3
70
7
78
50
6
0
57
29
11
51
121
0
74
0
0
0
19
0
41
5
122
6
0
0
0
0
18
0
0
111
5
0
60
23
0
0
14
0
77
52
0
57
123
19
18
65
0
17
0
0
124
0
18
0
57
97
0
125
126
0
18
0
97
9
74
67
51
14
57
127
0
0
0
50
39
67
0
0
52
126
50
0
0
0
47
18
0
128
18
67
51
50
38
129
0
50
59
5
78
18
9
0
16
0
0
130
74
57
0
18
39
0
0
0
0
0
7
19
79
17
0
0
0
7
9
0
19
97
47
0
57
66
0
57
66
0
0
51
0
0
58
0
19
7
0
0
60
0
17
9
18
22
18
58
0
0
131
131
0
132
119
0
16
92
51
7
0
0
28
0
45
15
133
0
39
18
50
17
0
92
51
71
3
0
67
45
60
18
18
66
94
0
0
0
0
106
5
0
0
37
0
6
0
19
0
0
134
18
135
39
0
7
18
50
0
126
124
38
0
90
71
136
80
137
57
50
0
90
26
0
57
39
138
121
35
0
51
15
112
50
0
3
125
108
65
63
0
0
0
7
30
35
0
6
14
0
39
0
73
97
19
97
27
41
19
0
0
50
57
71
0
51
39
58
0
0
0
24
99
19
0
83
0
22
5
0
50
126
18
0
0
0
125
0
67
108
7
6
0
0
35
19
0
19
77
0
92
57
7
28
97
16
139
0
10
0
18
18
134
0
0
0
0
39
0
0
0
66
0
0
0
18
137
7
18
0
126
6
0
0
50
0
0
97
121
19
0
50
6
92
50
0
0
0
99
15
50
18
0
0
7
32
74
19
0
0
0
0
0
0
57
19
19
0
5
66
0
41
74
0
0
18
71
0
7
0
0
65
71
0
0
9
0
52
74
64
0
0
0
140
50
0
0
0
33
22
74
97
18
92
18
50
0
97
52
141
0
19
38
9
0
0
142
0
71
0
138
143
111
39
73
66
41
9
0
19
98
3
9
144
67
5
58
0
22
0
57
145
16
0
0
146
133
84
28
71
6
0
0
51
0
60
0
126
147
111
0
122
24
0
141
0
22
46
148
0
9
0
18
149
6
0
18
51
71
97
66
111
0
19
77
0
67
0
22
0
50
33
83
51
51
66
17
9
80
38
150
7
0
112
99
26
18
71
6
18
18
57
18
126
14
0
94
0
19
39
0
18
47
29
0
92
65
67
0
18
0
0
0
22
0
47
9
71
51
71
96
50
58
7
40
74
7
0
78
57
51
151
28
51
17
1
18
0
123
7
97
0
65
32
0
19
0
15
22
149
18
18
92
0
53
51
28
14
24
111
65
50
0
26
0
0
19
50
0
105
57
75
83
50
9
9
0
74
152
0
0
0
111
72
47
126
66
9
39
50
84
3
0
50
67
18
9
22
22
7
57
19
52
19
16
0
19
141
141
0
65
28
50
0
0
121
13
50
16
0
124
47
0
22
18
111
106
0
151
64
18
18
18
153
0
57
47
0
147
67
18
0
22
0
28
18
84
25
0
0
18
154
38
21
13
66
50
0
14
0
18
50
126
47
74
0
7
105
65
18
66
0
0
57
111
50
9
121
70
18
0
92
126
134
0
50
16
0
155
0
39
111
18
156
46
0
18
126
0
0
35
22
33
22
19
10
0
138
71
0
157
33
47
50
50
18
94
7
0
19
18
5
50
0
26
18
9
0
158
14
18
5
0
57
73
65
0
51
0
123
157
47
24
0
84
0
0
19
83
0
0
15
0
153
92
84
5
50
134
0
24
0
84
58
0
68
19
0
97
51
0
73
33
82
0
0
98
91
0
0
19
66
0
151
0
22
65
141
39
0
16
0
18
39
83
57
5
0
18
77
67
0
7
57
153
7
0
0
19
50
83
108
134
0
0
70
18
82
19
50
9
71
22
0
25
79
123
0
126
0
59
0
18
5
97
7
19
18
71
0
67
0
52
0
19
0
0
5
19
77
18
9
18
0
97
0
15
7
71
7
66
66
66
91
33
18
3
153
59
21
39
0
126
7
159
24
22
67
0
160
0
126
153
22
9
67
50
18
3
7
111
29
18
29
125
66
66
50
0
25
39
111
80
161
7
0
47
18
7
23
162
64
67
47
0
47
5
139
0
22
83
57
15
7
0
68
163
75
7
0
134
134
151
126
51
6
74
0
0
30
53
96
113
0
18
0
9
133
0
9
59
121
51
127
66
48
98
79
22
77
151
74
59
21
19
18
18
57
0
108
18
92
18
83
151
164
51
134
51
9
106
5
0
84
21
7
0
0
93
21
21
67
74
18
14
65
126
0
29
0
18
28
0
67
21
18
0
45
134
39
0
1
108
75
149
18
19
149
9
0
22
0
126
66
39
39
51
0
0
149
22
83
9
47
30
19
67
149
9
7
71
83
23
87
19
111
50
125
18
63
165
106
18
111
111
18
80
18
22
166
0
0
7
90
9
72
10
96
3
18
9
7
0
24
125
22
9
0
21
18
0
19
0
7
141
0
65
9
167
137
0
26
9
92
7
9
0
7
0
168
0
47
22
66
0
45
22
169
0
5
0
68
18
7
33
5
59
83
157
18
0
7
134
9
22
57
149
0
170
8
83
47
9
134
0
171
0
112
24
0
172
41
0
9
67
90
59
50
120
0
0
134
173
52
84
7
0
92
174
0
7
0
7
57
59
19
50
19
0
83
7
63
33
0
138
27
14
0
22
18
18
11
133
7
14
0
21
50
134
123
18
18
0
47
97
139
6
3
84
0
39
47
134
66
100
19
0
57
16
134
14
175
70
17
126
67
84
126
58
151
5
67
0
27
17
0
5
94
7
26
53
108
57
94
50
0
9
0
111
159
18
66
5
5
41
99
5
22
176
50
19
0
139
66
0
19
0
18
19
52
7
69
39
83
97
24
19
63
80
18
35
123
24
35
0
74
9
108
106
57
22
0
0
18
67
0
65
63
71
14
147
0
35
14
25
18
94
15
22
32
80
134
0
7
64
29
19
18
18
64
22
18
177
71
27
47
9
75
67
0
18
24
22
108
22
19
50
9
71
18
19
19
0
57
51
17
0
134
58
50
65
0
22
9
126
18
18
66
22
0
3
82
126
122
60
52
14
65
22
178
27
47
71
99
22
50
15
7
19
58
5
9
10
19
18
22
28
134
38
28
67
84
0
150
3
5
67
16
9
113
113
18
84
73
14
0
0
71
28
9
57
19
47
27
72
48
77
121
70
22
22
7
179
179
66
79
77
5
30
10
97
145
51
22
84
5
119
134
6
4
120
29
106
47
18
0
119
19
151
51
0
15
0
129
159
106
19
18
9
39
19
22
0
0
80
81
14
39
50
121
18
141
92
71
18
71
0
18
16
25
47
9
26
50
0
18
73
149
83
134
57
22
57
50
75
0
84
65
121
16
92
15
18
22
79
52
67
7
0
18
52
0
7
39
134
120
71
18
22
57
7
18
4
83
74
7
9
39
35
19
108
0
52
19
50
16
106
7
38
57
18
92
106
23
48
6
18
134
18
21
14
71
58
48
97
65
