0
0
0
136
0
2
12
0
0
0
0
0
14
4
5
0
0
0
14
4
0
0
14
0
0
0
33
94
0
0
0
0
0
106
6
0
0
0
15
0
0
0
0
70
99
0
16
86
0
57
18
0
0
0
13
12
39
10
0
0
104
35
104
0
0
0
15
85
0
0
0
108
0
45
147
4
0
0
0
10
0
0
111
0
0
0
0
0
0
0
0
0
0
0
0
100
0
0
58
0
0
0
39
0
0
0
11
11
3
0
4
0
0
67
0
1
0
0
14
0
0
8
0
0
0
12
49
0
0
35
0
19
0
3
65
0
0
0
15
0
0
0
0
14
0
0
25
0
0
0
0
24
0
31
0
14
0
0
0
56
0
16
0
0
0
12
20
15
0
117
0
0
102
0
0
12
12
0
0
0
16
9
0
38
0
0
4
12
14
63
0
16
0
0
0
0
0
0
0
0
0
0
111
0
0
35
4
7
14
12
0
5
11
0
0
14
0
0
108
0
0
0
0
0
0
12
0
0
0
0
62
2
105
0
15
15
0
87
11
93
0
0
0
83
0
0
6
0
49
0
0
3
34
0
0
0
0
4
0
8
0
14
0
16
0
7
28
0
72
0
0
40
0
0
0
34
2
0
6
0
0
0
108
0
0
16
45
0
111
0
31
28
10
0
99
0
0
0
0
0
11
0
0
0
0
44
0
0
0
0
30
16
0
12
22
0
5
42
0
0
6
12
0
55
0
12
11
0
14
6
102
0
12
0
0
4
28
0
0
2
0
3
0
0
0
57
101
56
56
37
0
0
0
0
0
5
13
0
110
12
0
10
0
43
12
0
15
0
11
0
101
0
107
0
0
0
16
0
0
0
47
11
0
16
0
0
19
0
12
80
0
0
0
0
0
0
64
0
0
0
9
4
0
0
0
0
0
14
0
0
0
0
8
0
0
0
33
0
12
47
0
0
0
0
0
7
0
0
0
39
61
0
15
0
32
0
11
0
0
0
0
0
0
0
0
0
0
0
0
0
6
0
39
0
0
11
0
0
0
0
0
0
0
47
0
0
0
66
92
108
10
0
0
11
70
0
0
0
14
0
107
0
63
0
0
12
35
0
0
0
0
11
0
14
0
0
0
0
47
0
0
49
65
0
0
0
0
0
0
0
0
0
0
0
0
0
0
12
0
34
14
0
0
65
26
0
0
36
0
8
0
0
0
26
12
77
12
0
0
0
0
0
12
0
0
0
0
33
0
0
4
0
0
7
0
0
0
0
19
0
0
108
0
0
96
0
0
0
0
0
54
0
0
0
38
0
0
0
13
113
0
0
0
35
6
12
101
11
39
124
0
0
0
0
0
0
61
0
64
34
0
0
44
69
0
0
0
0
12
0
0
0
4
30
0
62
0
0
0
0
0
106
27
15
0
10
0
44
0
0
0
82
0
0
0
19
0
0
0
0
32
14
0
0
0
0
13
33
71
0
93
0
10
95
16
0
0
0
32
44
0
0
0
0
0
2
24
0
0
81
86
94
0
15
0
0
41
0
0
7
2
0
0
0
0
0
88
0
36
0
6
0
4
0
0
0
0
6
0
0
9
15
0
12
0
56
0
22
0
0
0
0
0
45
0
15
0
89
0
0
15
0
0
87
12
0
0
90
14
0
8
38
0
0
97
4
0
94
13
34
0
0
31
0
0
13
65
0
0
107
0
7
62
0
0
0
0
0
101
83
0
25
27
12
44
0
0
1
0
0
30
0
0
0
93
0
0
7
0
0
0
0
63
0
14
12
0
0
34
110
0
0
0
0
0
39
0
11
0
0
0
0
0
0
0
0
47
0
13
0
0
11
0
7
32
6
0
14
0
16
19
15
0
0
31
0
0
0
0
0
6
16
86
0
14
90
0
49
15
0
0
0
13
28
44
92
0
0
0
0
0
0
6
0
5
0
0
13
6
15
0
5
0
0
40
0
0
45
0
12
9
0
0
91
79
0
0
0
0
0
0
0
49
0
12
0
0
12
0
0
11
0
0
0
5
16
0
0
89
0
0
0
0
44
34
0
0
19
0
0
0
110
0
0
5
11
0
0
0
0
0
33
0
0
0
0
15
98
5
0
4
0
0
0
107
0
0
0
0
12
13
0
0
0
13
0
12
0
93
12
0
0
0
0
6
77
0
0
92
10
0
0
76
0
0
0
0
0
0
88
12
92
0
0
0
44
10
0
12
90
0
70
6
0
25
14
0
0
99
0
45
44
6
14
0
0
0
6
57
0
0
0
4
0
0
0
0
6
107
99
110
0
0
0
0
0
0
0
0
16
87
12
0
11
0
0
0
82
0
0
0
0
12
5
37
0
60
45
0
1
60
34
0
2
122
40
0
14
0
0
0
0
14
45
72
14
0
0
12
0
68
0
4
57
0
2
0
0
0
13
0
0
0
12
0
0
0
0
0
0
0
34
4
0
0
0
0
0
0
0
114
0
86
74
32
0
0
0
1
0
0
34
104
0
0
0
0
0
0
27
0
11
0
0
93
0
0
11
0
0
0
1
0
0
6
0
57
0
0
104
6
0
0
0
0
15
45
40
68
0
0
3
0
0
0
19
12
59
0
11
0
6
32
35
0
12
0
0
0
0
0
0
0
58
0
0
0
0
0
0
12
0
0
39
107
1
0
112
100
0
6
0
0
0
6
0
0
0
0
87
0
0
0
101
0
0
2
33
86
0
0
0
92
0
0
0
0
5
0
0
0
64
110
70
0
0
14
0
0
0
1
3
106
28
15
0
0
38
0
0
4
0
0
0
14
67
90
35
0
0
0
0
107
73
22
0
12
0
0
0
0
0
0
12
0
0
44
0
0
0
24
105
0
0
0
12
12
0
105
103
6
0
0
0
0
41
0
0
0
0
107
15
0
0
11
0
0
48
34
16
0
8
0
12
0
0
14
0
16
106
49
0
0
16
24
107
4
74
14
0
15
0
28
0
12
0
107
0
6
0
0
14
22
0
0
26
0
0
0
0
0
37
0
8
0
0
114
0
0
0
0
4
0
86
0
102
0
0
4
40
40
0
0
4
0
35
0
0
0
45
64
0
0
0
0
0
0
0
0
59
0
0
106
0
0
8
0
86
14
0
33
0
0
45
34
0
36
0
0
16
0
0
0
0
104
0
0
0
0
0
0
37
0
0
0
0
0
0
0
0
10
0
99
35
33
0
14
5
0
0
10
0
11
12
0
26
0
0
0
18
0
0
47
55
0
15
0
16
0
107
0
29
0
0
45
34
0
0
0
0
63
0
11
16
0
5
45
59
0
45
39
0
14
0
0
11
81
0
0
0
0
0
0
0
108
0
13
14
0
40
83
2
0
10
0
0
0
0
0
0
0
0
16
43
107
0
6
0
0
49
0
9
0
0
0
11
11
110
0
115
31
0
37
9
28
49
3
3
12
55
0
0
7
107
91
11
5
0
12
0
4
0
0
0
0
89
47
0
0
0
0
22
0
0
4
100
0
0
6
101
15
16
0
0
60
0
0
0
0
96
12
0
0
0
0
0
0
0
0
110
22
15
117
0
15
24
15
0
0
8
0
0
44
0
10
0
13
44
0
31
0
0
0
0
0
15
0
12
59
5
0
0
0
0
0
0
0
61
0
0
58
0
4
44
0
14
0
0
0
0
49
0
0
93
58
104
3
93
25
104
0
1
6
0
35
0
0
0
29
44
44
14
0
11
0
15
0
0
0
0
0
0
0
0
0
0
0
4
12
5
0
49
0
0
0
0
0
31
0
33
14
0
12
0
0
12
92
0
0
0
0
3
4
0
0
0
0
0
0
60
0
21
0
0
0
0
103
0
22
0
0
0
126
0
0
0
0
41
32
0
12
106
24
0
0
0
4
16
0
0
0
6
0
0
0
65
58
12
11
6
0
11
0
15
16
0
0
0
0
0
0
0
0
0
14
49
0
0
0
64
0
0
0
0
0
15
0
0
0
0
74
12
0
98
0
0
0
0
12
101
0
108
0
107
0
0
14
0
0
12
0
100
0
25
0
0
0
41
0
0
24
0
3
0
0
7
0
0
0
2
0
64
108
0
108
106
0
0
0
0
7
0
43
0
0
104
7
0
0
0
0
37
37
0
0
0
27
0
0
0
0
0
0
15
0
0
0
0
0
34
16
0
0
0
0
0
0
5
0
0
4
22
0
0
16
32
0
99
0
0
0
0
0
0
0
30
0
0
2
16
0
0
0
0
0
9
0
0
0
83
38
12
122
0
108
0
0
0
0
0
0
0
0
6
0
0
16
61
0
56
0
0
0
0
0
0
68
4
0
0
0
105
0
107
0
7
0
43
0
0
10
46
90
0
0
0
0
0
0
0
0
14
0
0
85
0
0
0
0
35
0
0
0
0
7
86
0
0
0
0
0
0
0
0
16
6
93
0
0
0
0
16
0
0
9
2
34
0
108
0
0
6
48
0
16
0
0
67
14
0
0
15
0
0
97
0
0
0
8
0
0
0
1
0
0
0
7
107
12
0
0
94
0
8
7
0
0
0
13
2
0
0
56
0
0
0
0
0
0
60
11
7
0
24
95
0
103
29
0
38
12
97
102
0
0
4
0
0
16
11
3
6
0
0
0
0
72
2
0
7
92
6
0
107
0
0
19
0
0
87
1
60
0
0
0
0
0
0
2
0
0
0
0
44
108
0
0
0
0
12
6
6
0
0
5
53
0
0
76
0
0
0
43
14
12
0
23
0
23
108
103
30
0
91
0
0
101
86
94
107
10
0
0
0
0
0
0
15
0
31
0
0
33
0
0
107
28
31
88
36
0
0
106
32
0
0
10
147
0
0
0
0
6
92
45
59
4
0
0
0
0
0
108
0
6
0
0
0
0
20
0
0
9
0
35
0
14
5
4
4
0
0
0
0
137
44
16
0
0
39
0
0
51
13
0
12
3
0
0
0
0
63
0
0
0
15
0
0
0
0
0
0
0
0
72
0
106
12
0
14
0
0
47
19
35
0
0
12
6
0
0
14
0
0
0
0
0
97
12
0
0
72
0
16
14
0
0
15
0
35
0
0
0
0
58
61
15
63
0
0
0
0
0
0
0
0
0
15
12
0
45
0
0
0
0
0
46
0
0
0
0
0
15
0
0
32
0
108
0
0
0
104
10
47
0
0
0
0
34
32
91
0
52
6
0
0
4
0
1
0
14
93
0
0
11
0
0
0
0
113
3
4
41
4
8
3
0
13
11
0
10
16
14
35
0
9
0
0
0
0
0
12
65
65
0
0
0
0
0
142
38
87
0
4
0
0
0
33
45
96
3
4
0
0
0
0
0
0
0
30
15
11
0
0
31
0
12
0
0
0
0
0
0
0
86
28
0
107
12
12
0
0
0
31
0
22
0
0
104
0
0
34
16
0
4
0
25
9
0
0
0
0
0
0
0
0
6
95
6
0
0
8
3
47
22
4
57
0
0
110
0
0
58
0
0
14
12
0
11
0
87
0
0
15
108
0
6
14
0
0
67
0
0
0
0
0
0
0
12
0
0
4
0
11
6
5
15
0
0
0
14
0
14
0
0
7
0
35
49
14
0
0
