0
1
2
3
4
5
6
7
8
9
10
11
10
12
13
14
2
15
16
17
18
19
10
1
14
6
20
21
13
16
15
22
23
24
25
26
27
28
10
29
21
24
27
0
10
30
10
31
15
13
32
33
1
34
10
6
35
36
18
13
24
15
34
37
12
16
38
21
39
16
33
22
14
18
40
12
41
42
10
36
42
38
24
24
10
43
44
45
11
24
46
6
10
13
13
47
13
17
46
21
16
11
48
6
22
18
15
5
49
46
12
24
21
50
3
15
12
47
43
46
24
27
16
15
15
6
45
14
21
50
51
32
45
52
23
17
45
53
10
15
13
18
21
10
30
48
47
34
0
15
54
29
45
55
13
10
45
10
45
18
14
16
27
56
54
6
45
10
10
24
57
13
24
24
50
6
6
13
2
6
58
49
16
48
59
34
12
6
10
32
43
39
60
61
33
47
15
62
9
11
53
10
0
15
36
15
17
42
10
6
63
13
22
60
16
10
55
6
24
64
41
14
47
15
45
6
24
64
52
17
1
60
24
15
16
43
50
21
5
24
5
13
47
31
16
21
5
21
11
46
24
60
20
16
39
53
10
12
24
27
51
16
18
5
33
42
59
15
50
33
65
62
30
10
6
20
60
48
13
16
16
18
24
66
21
10
18
16
24
43
55
59
36
23
10
45
55
45
16
42
22
44
24
67
51
45
21
11
10
12
55
60
55
6
29
23
13
39
58
5
13
6
68
15
6
6
60
24
10
13
34
45
6
48
15
12
59
24
11
52
42
49
52
33
18
13
24
46
69
48
10
43
53
59
24
13
10
29
33
6
60
36
51
45
6
50
43
11
5
12
24
14
24
38
0
67
6
70
21
15
11
60
55
6
71
47
45
24
6
50
56
34
33
16
60
33
25
8
15
2
42
12
19
24
16
45
23
16
10
54
18
16
42
13
43
10
13
9
6
18
46
52
19
55
10
5
25
3
34
15
17
65
10
54
13
26
65
16
37
33
45
43
38
15
41
18
16
34
61
0
28
35
10
10
11
60
55
43
1
72
32
21
42
11
10
28
39
50
24
6
36
37
27
65
1
16
55
60
16
13
24
73
12
26
47
6
33
15
41
46
10
60
55
10
13
59
29
45
11
42
67
46
23
34
62
16
28
13
15
59
12
13
24
59
65
26
43
6
10
20
43
22
1
23
59
13
15
48
0
47
10
45
10
59
6
74
6
42
62
15
23
45
6
16
21
21
24
13
12
43
12
43
54
42
43
24
50
48
45
10
72
24
46
0
21
59
10
42
70
11
18
45
12
10
15
29
64
14
10
41
17
63
16
15
13
6
34
60
38
56
1
34
15
33
30
2
25
38
1
33
18
37
45
50
21
34
15
26
6
33
63
45
12
55
29
1
52
10
16
5
16
22
59
10
16
36
59
45
16
8
14
74
11
46
21
45
45
23
45
8
13
16
48
11
56
45
43
11
49
45
24
68
36
15
10
46
18
12
13
45
32
34
16
60
14
5
60
20
15
74
21
24
16
5
43
37
55
34
13
27
49
15
15
21
50
23
21
15
48
46
28
27
17
18
18
45
32
60
42
13
15
10
54
6
16
24
45
23
75
5
36
43
10
18
16
6
10
21
33
8
43
75
71
21
6
47
30
11
10
26
42
48
50
30
21
12
31
21
10
11
15
37
59
10
24
10
23
36
42
24
14
42
1
38
68
24
59
24
24
31
21
45
59
6
45
63
45
15
13
16
55
21
11
76
24
15
70
42
74
8
21
50
51
16
16
6
13
9
33
24
72
34
10
16
61
48
13
5
13
20
15
24
10
5
73
16
11
16
43
11
16
5
45
42
13
25
71
43
13
6
7
43
19
45
55
46
21
16
30
2
13
10
21
33
10
11
70
11
46
14
77
24
10
59
45
24
11
4
55
50
43
0
13
21
13
46
49
43
65
6
13
13
47
21
18
41
48
18
73
6
42
10
50
24
74
24
16
50
9
16
60
10
45
37
6
13
35
6
12
34
22
41
53
50
33
10
54
42
34
29
34
60
17
29
20
21
13
12
34
18
23
24
29
21
13
60
16
24
61
33
37
54
45
47
24
24
10
11
13
71
17
21
29
44
70
10
60
28
23
6
10
72
14
16
43
11
6
38
24
6
71
21
10
28
13
74
33
67
11
36
43
24
74
2
19
70
68
50
13
31
6
70
34
45
41
46
36
21
6
11
45
50
60
41
29
39
41
12
43
70
18
45
28
22
50
45
23
33
17
43
42
48
12
24
24
21
19
13
24
43
59
10
21
21
45
0
28
16
31
38
21
6
4
68
42
45
16
74
55
46
13
48
6
13
48
24
17
18
21
15
35
33
16
52
46
13
55
10
38
2
10
24
10
18
50
10
45
45
6
50
35
47
12
17
18
60
31
50
68
43
53
37
28
6
15
43
45
51
29
13
18
33
22
24
46
53
25
43
39
48
72
33
21
46
13
50
33
1
15
57
60
20
15
16
10
67
21
43
57
59
13
22
39
45
24
11
55
5
24
47
33
60
53
56
13
45
15
39
38
15
13
59
47
23
5
10
18
37
51
45
10
22
67
8
11
45
6
51
24
52
30
5
13
20
60
6
59
21
41
74
16
74
3
13
16
43
24
45
72
33
6
18
59
18
24
15
61
77
27
16
13
0
42
24
53
14
45
11
43
21
18
13
67
24
70
8
5
20
21
1
52
16
24
16
23
15
17
13
28
14
74
12
4
50
30
24
10
43
21
15
15
60
24
59
10
24
28
48
21
46
12
43
64
5
43
50
11
20
27
10
45
0
41
74
23
16
6
45
20
13
45
14
15
6
14
34
45
10
45
11
5
34
19
16
46
6
6
10
24
24
13
16
16
13
33
48
6
61
29
5
24
43
33
10
5
50
15
11
33
10
10
42
11
6
19
33
10
24
10
77
45
21
21
71
29
24
19
74
10
13
43
45
59
74
6
69
24
16
65
42
21
10
71
21
12
59
47
64
71
59
41
48
61
27
15
16
46
73
2
51
70
17
35
21
70
47
13
54
12
15
15
64
28
52
28
33
54
15
12
18
1
25
15
11
71
50
18
37
1
46
69
51
24
63
64
42
27
21
43
28
20
15
10
18
33
74
48
71
63
16
23
21
46
15
24
13
12
29
0
18
18
48
38
42
38
28
41
5
24
51
27
3
10
33
20
43
43
13
10
11
60
15
5
6
16
59
15
39
55
32
24
46
11
46
24
10
24
10
60
70
10
73
2
12
18
33
15
45
35
60
32
0
22
71
17
13
18
51
14
18
38
2
10
15
14
22
74
50
11
34
13
16
28
37
24
52
10
43
13
39
31
60
14
60
1
71
11
45
21
3
10
50
16
45
60
15
13
13
0
45
42
42
10
29
38
60
15
6
71
8
55
11
48
42
41
45
65
22
6
45
52
39
42
24
24
5
13
16
6
16
12
43
16
31
31
21
11
14
45
7
61
23
1
45
12
21
69
55
60
70
10
71
50
21
51
33
10
10
10
67
6
13
55
24
51
46
43
46
24
15
14
43
73
47
46
45
10
15
49
42
1
48
45
15
36
15
43
45
11
55
54
21
60
4
11
43
48
6
34
13
71
45
42
23
53
43
67
17
11
21
46
45
12
15
60
10
59
71
43
33
35
61
10
11
46
15
22
24
5
24
16
15
60
6
33
24
8
60
55
45
45
10
25
52
46
16
43
53
45
15
38
39
2
21
54
60
10
17
6
72
41
11
11
35
43
14
8
55
1
15
65
46
6
16
0
6
24
37
24
57
17
52
17
45
21
21
1
0
42
35
15
47
16
21
26
18
24
41
22
34
43
21
46
30
15
31
16
48
13
51
6
24
77
56
41
50
12
10
43
41
0
13
33
24
10
23
46
6
60
13
63
65
15
10
16
33
0
8
21
24
15
34
10
34
16
45
42
33
24
12
47
65
14
14
11
10
72
24
10
33
74
28
16
10
33
1
46
5
6
14
16
10
50
33
16
23
10
42
43
4
74
10
37
5
33
49
48
48
48
22
22
10
22
67
23
42
59
71
11
60
51
1
24
46
60
36
50
11
57
24
27
46
45
39
22
22
71
12
10
12
67
48
48
45
36
47
59
71
38
62
60
15
55
10
22
44
77
33
46
29
10
55
33
4
28
24
0
13
37
52
65
47
50
13
22
13
21
21
51
11
18
20
19
43
13
68
60
11
65
6
10
15
42
28
21
42
23
23
18
31
48
6
46
31
24
23
51
0
23
27
16
10
43
72
21
8
10
17
43
0
51
72
18
21
18
2
50
17
17
52
78
60
46
10
26
27
62
46
19
43
36
11
11
28
28
24
43
14
21
46
42
10
10
57
21
59
15
2
79
13
32
43
16
52
27
21
24
21
11
48
59
59
35
24
16
60
24
0
27
55
30
16
46
65
27
5
33
0
44
26
16
71
45
67
10
45
56
50
43
50
71
10
14
10
17
78
15
6
28
43
2
8
15
15
22
10
42
22
6
62
67
24
2
49
27
43
11
16
10
5
56
15
11
42
78
56
19
3
42
17
65
27
21
60
24
43
24
29
24
48
6
1
24
64
72
17
10
47
10
5
52
33
23
0
8
43
50
60
21
42
24
13
65
24
68
26
0
55
42
21
15
46
13
51
1
15
49
64
60
2
46
39
23
45
54
21
10
21
7
6
65
5
2
17
72
18
52
10
52
13
23
16
45
16
6
0
5
45
22
24
47
41
65
24
24
10
39
31
28
5
36
24
42
64
21
14
10
10
11
55
74
4
20
22
52
24
59
55
21
48
12
16
24
72
12
21
36
69
15
51
11
46
49
11
18
51
17
46
15
44
67
6
33
65
60
6
31
8
13
7
45
13
42
10
50
51
10
43
17
17
61
54
33
24
3
45
16
74
4
48
50
16
18
10
16
6
5
54
59
0
74
1
16
45
38
10
78
14
63
57
15
19
42
15
50
13
24
6
65
39
46
49
11
45
33
36
51
6
5
36
47
10
5
18
24
34
38
21
6
5
33
12
16
43
43
33
24
43
26
33
12
55
2
13
46
14
43
1
24
46
24
16
45
42
33
43
16
16
6
13
18
38
24
21
34
45
11
21
24
42
11
43
43
48
24
13
22
34
11
10
25
55
36
11
24
44
44
73
33
11
24
19
18
5
16
15
17
42
15
16
10
24
14
21
49
14
46
22
15
41
22
17
46
12
42
52
74
10
60
41
36
6
10
33
14
42
13
16
29
12
8
6
23
23
34
24
24
60
49
49
48
31
23
70
30
30
74
54
18
24
52
17
35
21
60
9
54
12
50
55
10
60
35
16
73
18
6
18
43
52
51
50
16
39
2
59
16
24
6
6
38
41
36
62
45
23
10
31
13
33
43
33
6
39
12
11
29
42
44
45
15
10
12
65
0
21
13
24
13
45
13
15
52
11
23
12
13
37
10
24
65
6
46
60
10
10
6
15
65
41
21
54
33
43
24
13
5
10
34
0
19
60
42
59
5
16
15
1
6
16
45
12
50
22
65
13
39
17
50
50
6
20
43
21
10
42
36
33
35
6
74
47
