0
1
2
3
4
5
6
7
8
9
10
11
10
12
13
14
15
16
17
18
19
20
10
1
21
6
22
23
13
17
24
25
26
27
28
29
30
31
10
32
23
27
30
0
10
33
10
34
16
35
36
37
1
38
10
6
39
40
41
35
42
11
43
44
6
17
45
23
46
17
37
47
14
19
48
12
49
50
23
40
30
31
27
27
10
51
52
53
54
27
55
6
10
13
13
56
13
18
55
23
17
11
57
6
54
41
16
47
28
55
12
27
23
39
58
24
59
60
51
55
27
30
17
16
16
6
53
21
23
61
62
12
53
63
64
42
25
19
10
16
35
41
23
10
65
57
66
67
20
16
61
32
53
32
13
10
53
10
53
44
21
17
30
68
25
6
69
10
10
27
70
13
27
27
39
6
6
13
2
6
71
28
17
57
72
38
12
6
10
73
51
51
74
75
60
66
16
12
9
11
76
10
0
77
40
11
18
50
10
6
78
13
74
74
17
10
79
6
27
80
49
21
24
24
53
6
27
44
54
18
1
74
27
81
17
51
39
23
82
27
82
6
24
34
17
23
47
23
56
55
27
74
22
17
10
76
10
12
27
30
67
17
19
82
60
50
72
70
39
60
63
83
33
10
6
22
74
57
35
17
17
41
27
67
23
10
19
17
27
51
79
72
40
52
10
69
32
53
17
30
74
84
27
85
86
53
23
11
10
12
79
74
32
6
32
52
13
73
25
47
13
6
54
16
6
6
74
27
10
13
67
53
6
57
16
12
72
27
11
87
50
28
88
37
19
35
27
55
56
57
10
10
76
72
27
13
10
53
89
6
74
40
67
53
6
39
51
56
47
12
27
21
27
86
0
85
6
42
23
24
56
74
32
6
66
24
69
27
6
39
86
70
89
17
63
60
90
91
16
50
50
12
20
27
17
53
26
17
10
65
19
17
50
77
51
10
13
9
6
19
55
63
20
32
10
82
15
92
38
93
18
5
10
94
77
29
63
17
44
60
53
10
86
16
49
19
17
43
75
0
28
89
10
10
56
63
32
51
1
35
36
23
50
56
10
31
46
39
27
6
40
44
73
63
1
17
79
74
17
13
27
32
12
29
24
6
60
16
49
55
10
74
32
10
13
72
32
6
56
50
85
55
64
95
96
17
28
13
69
72
12
13
27
72
82
37
51
6
10
22
51
62
1
64
72
35
16
57
0
24
10
69
10
72
6
97
6
50
83
24
52
69
6
17
23
23
27
13
73
51
12
51
94
50
51
27
39
57
69
10
13
27
55
0
23
72
10
50
42
56
19
53
12
10
93
13
98
16
10
72
18
78
17
11
13
6
67
74
45
99
1
95
16
37
67
100
90
86
1
60
44
101
53
39
23
38
72
45
6
60
72
53
12
79
32
1
54
10
17
47
17
102
72
10
17
40
72
53
17
91
103
97
11
55
23
69
53
52
53
8
13
17
57
11
8
53
51
11
28
53
27
87
40
11
10
55
19
12
77
53
36
95
17
63
14
47
63
22
24
97
23
27
17
47
51
104
33
38
59
50
87
105
16
23
39
52
23
16
57
55
28
30
18
41
41
69
36
74
50
13
16
10
65
6
17
27
53
26
87
82
40
51
10
19
17
6
10
23
60
38
51
87
106
23
6
24
65
11
51
29
50
57
39
65
23
12
38
23
10
11
16
44
72
10
27
10
64
40
50
27
21
50
1
107
76
27
72
27
27
38
23
25
72
6
53
78
53
24
13
17
79
23
56
48
27
16
42
30
97
38
23
61
108
17
17
6
77
9
60
27
109
70
10
17
75
57
13
63
13
22
16
27
10
47
25
17
56
17
10
11
17
47
53
50
13
28
106
51
96
6
8
51
20
53
79
55
23
17
33
50
13
10
23
89
10
11
42
56
55
21
110
111
10
72
53
27
11
4
79
39
51
20
13
23
13
55
112
10
87
6
13
13
13
23
41
72
57
19
79
6
50
10
39
27
97
27
17
39
9
17
63
10
53
104
6
13
113
6
59
43
28
49
70
39
89
10
25
50
67
32
70
63
18
53
22
23
13
12
38
19
26
27
96
23
13
74
17
27
75
89
104
94
69
24
27
27
10
11
13
61
18
23
32
114
42
10
63
31
64
6
10
35
14
17
51
56
6
45
27
6
61
23
10
31
13
39
60
85
11
40
51
27
97
100
20
42
68
115
13
38
6
42
38
53
72
55
40
23
6
11
53
39
74
49
32
51
49
12
51
42
19
53
28
74
39
53
52
89
18
51
50
57
12
27
27
23
20
13
27
51
27
10
23
23
53
0
74
17
34
45
23
6
4
47
50
53
17
97
79
55
13
57
6
13
57
27
18
19
23
24
41
60
17
82
55
77
32
10
45
50
10
27
10
41
39
10
53
53
6
39
104
24
12
18
19
74
38
39
21
51
76
44
31
6
72
51
53
86
32
35
19
60
54
27
55
75
90
51
51
57
109
60
23
55
13
116
89
1
24
113
28
22
16
17
10
85
23
51
117
72
13
74
46
53
27
11
70
47
27
118
60
24
105
29
13
53
70
119
107
16
13
72
24
26
47
10
19
44
108
53
10
54
85
38
56
69
6
67
27
54
65
74
13
22
63
6
72
23
49
97
17
97
84
35
17
51
27
53
35
60
6
19
27
41
27
24
75
120
121
17
13
0
50
27
62
14
53
11
51
23
41
13
85
27
42
38
47
22
23
1
63
17
27
17
64
16
18
13
15
21
97
12
4
39
43
27
10
51
23
24
24
74
27
72
10
27
31
57
23
55
12
51
122
82
10
39
11
22
30
10
53
0
49
97
26
17
6
53
22
35
53
106
16
6
123
43
53
10
69
11
47
67
20
17
55
6
6
10
27
27
13
17
17
13
89
57
6
75
96
47
27
51
60
10
82
39
16
56
60
10
10
50
11
6
20
37
10
27
10
63
53
23
62
61
32
27
124
97
10
35
51
53
72
97
6
125
27
17
87
50
23
10
66
23
12
72
24
36
61
27
49
57
75
30
16
17
55
32
50
67
42
18
41
23
42
24
13
94
12
93
93
50
31
54
15
60
94
16
12
19
1
90
16
11
106
61
19
104
1
55
125
62
27
78
126
50
50
23
51
15
22
93
10
19
60
97
57
61
78
17
26
23
55
16
27
35
53
32
0
19
19
57
45
30
105
28
127
54
27
108
128
58
10
60
22
10
51
13
10
11
74
16
28
6
17
72
24
51
79
12
27
55
56
55
27
10
27
10
74
42
10
79
50
12
19
60
11
53
41
47
73
20
63
61
18
13
19
67
21
19
45
2
10
16
14
63
97
39
11
129
77
17
74
44
27
82
10
51
35
10
34
74
21
74
1
61
56
53
23
58
10
39
17
53
82
105
13
77
0
53
50
50
10
96
66
87
16
6
61
73
79
11
57
50
72
53
63
54
6
53
130
51
30
27
27
47
13
17
6
17
12
10
17
38
38
23
56
21
53
8
75
26
1
53
12
23
131
79
74
42
10
106
39
23
67
37
10
10
10
111
6
13
32
27
123
55
10
55
27
11
21
51
132
24
55
69
51
48
47
30
1
57
53
16
40
16
51
53
11
79
65
23
63
4
56
51
57
6
43
13
61
53
30
26
70
51
85
18
11
23
55
53
12
93
133
10
72
61
51
29
41
33
10
11
55
16
74
27
47
27
17
24
74
6
60
27
91
74
79
53
53
10
5
54
55
17
51
62
53
16
107
10
50
23
134
63
10
18
6
35
49
56
54
41
51
14
91
79
1
77
63
55
6
17
0
6
27
44
27
111
18
54
18
53
23
23
1
0
30
41
16
66
17
23
85
19
27
49
47
43
51
23
55
135
16
38
17
57
77
67
6
27
26
99
72
39
12
10
51
72
0
13
89
27
10
64
55
6
63
13
136
63
16
10
17
84
0
38
23
27
16
70
10
43
17
53
50
60
27
12
24
5
14
16
11
10
35
27
10
89
97
74
17
10
60
1
55
47
6
106
17
10
39
89
17
64
10
50
51
90
97
10
44
47
60
74
57
57
57
62
47
10
54
111
52
30
72
106
11
74
100
1
27
55
74
40
39
11
113
27
30
55
53
51
54
63
106
12
10
12
85
57
57
53
40
24
72
61
86
137
63
16
32
10
47
114
138
37
55
32
10
32
89
4
31
27
0
13
44
82
54
66
39
77
74
13
23
23
43
11
19
22
20
51
13
79
108
11
5
6
10
16
50
31
23
50
52
26
19
38
57
6
55
34
27
64
67
20
52
50
17
10
51
77
23
139
10
18
51
0
62
140
19
23
19
50
39
18
18
54
141
63
55
10
45
50
0
55
20
51
40
56
11
31
142
27
51
21
23
55
50
10
10
99
23
72
69
2
3
77
143
51
17
54
50
23
27
23
11
57
62
72
41
27
17
74
27
0
50
32
65
17
55
82
30
47
60
0
52
29
17
61
53
85
10
69
144
39
51
61
106
10
3
10
42
145
16
6
74
46
100
91
24
11
47
10
50
54
6
14
85
27
50
54
30
51
11
17
10
87
99
16
56
50
76
29
20
58
50
18
63
50
23
63
27
76
27
32
27
57
6
31
27
98
16
18
10
66
10
82
54
89
52
0
91
51
39
74
23
50
27
13
76
27
146
29
0
32
50
23
24
147
77
108
1
93
76
91
74
50
55
10
52
53
25
23
10
23
8
6
28
82
58
18
13
19
63
10
82
13
52
17
53
17
6
0
63
69
87
27
24
148
63
27
27
10
46
34
31
47
40
27
50
98
23
14
10
10
11
79
97
4
22
54
54
27
72
79
23
57
12
17
27
13
73
23
40
149
70
86
11
55
54
11
41
67
18
55
16
84
45
6
89
5
74
6
34
38
13
8
53
13
50
10
61
100
10
51
18
18
75
8
89
27
3
53
17
68
4
57
39
17
44
10
17
6
82
25
136
0
97
1
17
69
105
10
63
14
78
25
93
20
50
16
39
13
27
6
87
51
55
94
56
69
60
40
86
6
74
40
24
10
28
44
27
67
105
23
6
82
37
12
17
51
10
37
27
51
150
60
59
32
50
77
55
16
51
1
27
38
27
17
53
50
60
51
17
17
6
13
19
45
27
23
38
53
56
23
27
30
11
10
51
57
27
77
54
43
11
10
90
79
40
56
27
9
84
32
60
11
27
151
44
82
17
81
18
50
24
17
10
27
21
23
28
21
55
74
13
72
54
18
55
12
50
54
68
10
82
49
40
6
10
60
21
50
13
17
32
59
91
6
64
26
70
27
27
74
112
112
57
38
64
42
65
33
97
94
19
27
28
18
104
23
63
9
25
12
39
79
10
74
41
17
25
19
6
44
51
63
100
39
17
51
50
72
17
27
6
6
105
49
40
78
53
26
10
38
35
60
51
60
6
10
12
24
32
50
152
53
16
10
49
82
0
23
13
27
13
53
77
16
54
56
26
12
35
44
10
27
5
6
55
74
10
10
6
16
63
72
23
65
60
51
27
13
82
10
95
0
20
74
50
72
76
17
16
1
6
17
53
12
39
82
87
13
10
18
39
153
6
22
51
23
10
30
40
60
41
6
97
24
