0
1
2
3
4
5
6
7
8
9
10
11
10
12
13
14
15
16
17
18
19
20
10
1
21
6
22
23
24
17
25
26
27
28
29
30
15
21
10
31
23
28
32
0
10
2
10
33
25
18
12
34
1
35
10
6
36
37
25
18
38
39
40
41
12
17
42
23
43
17
34
44
14
19
45
12
46
47
23
37
32
21
28
28
10
48
49
50
42
28
51
6
10
24
24
52
24
18
51
23
17
11
53
6
44
19
25
29
54
51
12
28
23
36
46
25
55
6
48
51
28
47
17
25
56
6
50
21
23
57
58
12
50
54
27
38
59
58
10
35
18
19
23
10
60
53
61
62
20
25
47
31
50
31
24
10
50
10
50
41
21
17
32
63
64
6
59
10
10
28
65
24
28
28
36
6
6
24
2
6
66
67
17
53
68
35
12
6
10
12
48
48
54
69
70
61
25
12
45
11
71
10
0
25
37
39
18
15
10
6
16
24
26
29
17
10
72
6
28
73
46
21
25
25
50
6
28
74
54
18
1
67
28
75
17
48
36
23
76
28
76
24
60
35
17
23
29
23
52
51
28
54
22
17
10
71
10
12
28
32
77
17
19
76
70
47
68
40
36
70
29
78
2
10
6
22
67
53
13
17
17
47
28
11
23
10
19
17
28
48
72
68
37
49
10
59
31
50
17
32
67
55
28
79
40
50
23
11
10
12
72
67
31
6
31
49
24
2
66
76
24
6
44
25
6
6
67
28
10
24
62
80
6
53
35
12
68
28
11
67
47
67
81
34
19
18
28
51
52
53
10
10
71
68
28
13
10
50
82
6
67
37
77
50
6
36
48
52
76
12
28
21
28
65
0
79
6
38
23
25
52
67
31
6
61
60
59
28
6
36
83
40
82
17
67
70
71
84
25
15
47
12
20
28
17
50
27
17
10
64
19
17
47
24
48
10
24
9
6
19
51
85
20
31
10
76
26
55
35
16
18
86
10
73
24
30
29
17
41
70
50
43
65
25
46
19
17
77
69
0
54
60
48
48
52
29
31
48
1
87
12
23
47
52
48
21
43
36
28
6
37
41
2
29
1
17
72
29
17
24
28
31
12
30
6
6
70
25
46
51
10
67
31
10
24
68
31
59
52
47
79
51
27
9
88
17
54
24
59
68
12
24
28
68
86
34
48
6
10
22
48
49
1
27
68
13
25
53
0
60
10
59
10
68
6
89
6
47
7
25
49
59
6
17
23
23
28
24
12
48
12
48
73
47
48
28
36
53
59
10
13
28
51
0
23
68
10
47
38
52
19
50
51
10
16
13
74
25
10
68
18
16
17
39
24
6
62
67
42
63
1
9
25
34
62
15
71
65
1
70
41
22
50
36
23
35
68
42
6
70
78
50
12
72
31
1
85
10
17
76
17
26
68
10
17
37
68
50
17
84
90
89
11
51
23
59
50
49
50
8
24
17
53
11
63
50
48
39
54
50
28
5
37
11
10
51
19
12
24
50
12
9
17
54
14
29
29
22
25
89
23
28
17
76
48
27
91
35
87
32
26
65
25
23
36
49
23
35
53
51
54
32
18
25
19
59
12
54
47
24
25
10
64
6
17
28
50
27
8
76
37
48
10
19
17
6
10
23
70
56
48
8
57
23
6
60
60
11
48
30
15
53
36
60
23
12
35
23
10
39
25
41
68
10
28
10
27
37
47
28
21
15
1
76
44
28
68
28
28
35
23
59
68
6
50
16
50
25
24
17
72
23
52
2
28
25
38
32
89
42
23
57
0
17
17
83
24
9
70
28
76
40
10
17
69
53
24
29
24
22
56
28
48
26
31
17
52
17
10
11
17
29
50
15
24
54
57
48
88
6
92
48
20
50
72
51
23
17
2
15
24
10
23
82
43
11
38
52
51
21
45
15
10
68
50
28
11
4
31
36
48
20
24
23
13
51
85
10
54
6
24
24
24
23
47
68
53
19
72
6
47
10
36
28
89
28
17
36
9
17
67
10
50
93
6
24
60
6
55
77
54
46
40
36
82
10
64
47
62
31
40
67
18
50
22
23
24
12
35
19
27
28
27
23
24
67
17
28
69
82
93
73
59
60
28
28
10
11
24
57
18
23
31
49
38
10
86
21
27
6
10
87
14
17
48
52
6
42
28
6
57
23
10
21
24
89
70
79
11
37
48
28
89
15
20
38
44
40
13
35
6
38
35
50
68
51
37
23
6
11
50
36
54
46
31
48
46
12
10
38
19
50
54
26
36
50
49
82
18
48
47
53
12
28
28
23
20
24
28
48
28
10
23
23
50
0
54
17
33
42
23
6
4
44
47
50
17
89
72
51
13
53
6
24
53
28
18
19
23
25
93
70
17
85
51
24
31
10
42
15
43
28
10
19
36
10
50
50
6
36
93
60
12
18
19
29
35
36
5
48
71
41
21
6
68
48
50
40
31
18
19
70
44
28
51
65
71
48
48
53
94
70
23
51
24
36
82
1
25
95
76
22
25
17
10
79
23
48
45
68
24
67
43
50
28
11
57
76
28
21
70
96
65
63
24
50
40
48
76
25
24
68
60
27
86
10
19
41
0
50
10
44
79
56
52
59
6
62
28
54
60
29
24
22
67
6
68
23
46
89
17
89
97
18
17
48
28
50
87
70
6
19
28
19
28
25
69
45
98
17
24
0
47
28
71
14
50
11
43
23
19
24
79
28
38
56
29
22
23
1
85
17
28
17
27
25
18
24
96
21
89
12
4
36
71
28
10
48
23
25
25
54
28
68
10
28
21
53
23
51
12
48
74
76
10
36
11
22
15
10
50
0
46
89
27
17
6
50
22
18
50
19
25
6
84
40
50
10
59
11
76
62
20
17
51
6
6
10
28
28
24
17
17
24
82
53
6
69
27
54
28
48
70
10
76
36
25
52
70
10
48
47
11
83
20
34
10
28
10
29
50
23
74
57
31
28
20
89
10
18
48
50
68
89
6
75
28
17
54
32
23
10
61
23
12
68
60
34
57
28
46
53
69
47
25
17
51
31
15
77
38
18
93
23
38
11
24
73
12
16
16
99
21
54
54
70
73
25
6
19
1
71
25
11
57
57
19
93
1
51
75
58
28
16
100
47
47
23
10
54
22
16
10
19
70
89
53
57
59
17
27
23
51
56
28
18
50
31
0
19
19
53
42
32
65
54
95
54
28
0
94
46
10
70
22
48
48
24
10
11
96
25
54
6
17
68
25
48
72
12
28
51
52
51
28
10
28
10
54
38
10
72
15
12
19
70
39
50
93
67
12
20
29
57
18
13
19
62
21
19
42
2
10
25
14
26
89
36
11
62
24
17
54
41
28
86
10
48
18
48
35
67
21
96
1
57
52
50
23
46
10
36
17
50
67
65
24
24
0
50
15
47
10
27
61
67
25
6
57
84
72
11
53
47
68
50
29
44
6
50
35
48
32
28
28
54
24
17
6
17
12
48
17
75
35
23
52
21
50
92
69
27
1
50
12
23
75
72
86
38
43
57
36
23
62
34
48
10
10
16
6
24
31
28
101
51
48
51
28
11
21
10
102
60
51
59
10
59
76
32
1
53
50
25
37
35
48
50
11
72
64
23
67
4
52
48
53
6
62
24
57
50
32
103
40
48
79
18
11
23
51
50
12
16
56
10
68
57
48
82
93
51
10
11
51
25
44
28
67
28
17
25
54
6
70
28
84
67
72
50
50
10
85
54
51
17
48
71
50
25
76
10
15
23
72
67
10
18
6
13
46
52
42
19
48
14
56
72
1
25
29
51
6
17
0
6
28
41
28
104
18
54
18
50
23
23
1
0
47
19
25
61
17
23
55
19
28
46
26
77
48
23
51
58
16
35
17
53
24
62
6
28
27
63
68
36
12
10
48
68
0
13
82
28
10
27
51
6
29
13
78
29
35
10
17
70
0
56
23
28
25
40
10
77
17
50
15
70
28
12
60
86
14
25
11
10
13
28
10
82
89
54
17
10
70
1
51
29
6
19
17
10
36
82
17
27
10
47
48
71
89
10
41
76
70
96
53
53
53
49
26
10
44
16
49
47
68
57
11
67
40
1
38
51
76
105
36
11
95
28
15
51
50
48
67
29
57
12
10
12
79
53
53
50
37
60
68
57
65
78
67
25
31
10
54
106
95
34
51
31
10
31
82
4
21
28
0
13
41
76
29
61
36
24
29
24
23
23
62
11
19
22
20
43
24
5
4
11
86
6
10
25
47
21
23
47
49
27
19
35
53
6
51
35
28
27
77
20
49
15
17
10
48
13
23
107
10
108
48
0
58
94
19
23
19
15
36
18
18
85
32
29
51
10
42
32
98
51
20
48
37
52
11
21
90
28
48
21
23
51
47
10
10
104
23
68
59
2
56
24
109
48
17
86
32
23
28
23
11
53
16
68
19
28
17
67
28
0
47
31
60
17
51
86
32
29
70
0
49
30
17
57
50
79
10
59
61
36
48
57
57
10
21
10
18
47
35
6
54
43
15
84
25
39
26
10
47
26
6
110
79
28
47
25
32
10
11
17
10
29
63
35
52
15
96
63
20
46
47
18
29
47
23
67
28
41
28
31
28
53
6
1
28
74
71
18
48
61
10
76
85
82
49
0
56
10
36
67
23
47
28
24
67
28
44
30
0
31
47
23
25
65
24
0
1
16
54
41
67
15
51
43
49
50
64
23
10
23
92
6
85
76
2
18
13
19
85
10
54
13
49
17
50
17
6
0
29
59
26
28
11
8
15
28
28
10
43
33
111
76
37
28
47
74
23
14
10
10
11
72
89
4
22
44
67
28
68
72
23
53
12
17
28
13
12
23
37
98
40
40
11
51
85
11
19
62
18
51
25
55
42
6
82
86
54
6
35
56
24
92
50
24
47
10
57
40
10
12
18
18
69
63
82
28
3
50
17
85
4
53
36
17
41
10
17
6
76
64
45
0
89
1
17
59
65
10
44
14
68
112
16
20
32
56
36
24
28
6
54
48
51
73
52
59
70
37
44
6
29
37
60
10
54
41
28
62
65
23
6
76
34
12
17
48
10
34
28
48
113
70
55
31
15
24
51
25
48
1
28
35
28
17
50
47
70
48
17
17
6
13
19
42
28
23
35
50
52
23
28
32
11
43
48
53
28
24
26
77
11
10
71
72
37
52
28
95
55
31
70
11
28
62
41
76
17
75
18
15
25
17
48
28
21
23
54
21
51
26
60
68
44
18
51
12
47
44
85
10
67
46
37
6
10
70
21
47
13
17
31
55
84
6
27
27
40
28
28
76
96
96
53
35
27
38
60
2
89
73
19
28
85
18
93
23
67
9
64
12
36
72
10
67
93
17
31
19
6
41
10
54
40
36
17
48
15
68
17
28
6
6
65
46
37
68
50
27
10
35
13
70
48
70
6
48
12
60
31
15
55
50
25
10
46
86
0
23
13
28
24
50
24
25
54
52
27
12
18
41
10
28
86
6
51
54
10
10
6
25
29
68
23
64
70
48
28
24
76
10
9
0
20
29
15
68
54
17
56
1
6
17
50
12
36
76
54
24
48
108
36
114
6
22
48
23
10
47
37
70
93
6
89
60
