104
192
219
105
0
89
106
193
115
125
146
115
194
100
108
226
0
170
100
90
229
202
196
152
92
106
91
148
0
97
112
214
127
98
133
92
93
109
222
134
226
98
94
104
140
106
198
143
118
109
232
144
93
0
170
101
109
222
111
109
102
115
138
226
230
97
143
158
218
97
0
224
134
111
105
137
118
94
142
218
93
0
98
98
164
174
170
100
136
0
116
101
0
0
0
112
0
109
116
170
0
115
107
101
218
0
100
99
159
116
100
0
189
117
0
112
171
124
96
116
98
94
99
163
100
101
110
92
114
179
138
0
110
99
221
0
0
207
180
229
0
111
190
135
0
107
159
187
169
118
120
100
110
100
109
217
110
151
179
174
0
0
93
0
136
106
124
176
195
0
205
0
98
102
117
101
106
0
161
194
0
99
97
107
0
150
100
101
179
0
208
176
168
160
113
90
0
181
147
115
155
221
104
0
189
115
90
94
132
101
145
109
200
212
97
184
104
101
0
178
118
130
0
0
110
106
98
210
99
0
189
89
98
207
97
180
117
212
100
102
100
0
210
100
97
0
159
124
112
116
0
202
92
97
96
211
212
105
98
93
188
0
111
99
113
94
103
0
117
113
99
152
106
230
101
91
89
107
0
0
97
109
102
217
150
186
111
0
0
95
0
103
149
0
167
223
102
110
0
94
99
155
98
150
217
110
143
115
148
105
0
173
100
101
100
227
109
189
102
139
109
101
221
0
0
106
0
98
160
109
163
110
0
107
142
100
103
98
115
89
94
99
0
0
111
109
98
116
112
107
144
134
185
103
98
108
215
0
128
101
232
158
212
159
101
117
192
112
99
100
103
199
0
124
104
0
0
0
168
143
112
0
0
101
229
112
204
102
101
117
101
0
205
0
207
113
222
203
0
93
0
105
0
102
99
110
170
0
180
0
109
99
94
0
0
187
0
122
101
111
116
195
194
181
128
99
89
143
119
109
109
165
209
0
110
93
99
100
0
113
196
192
120
118
118
111
100
147
231
104
0
0
174
158
112
99
0
96
122
112
152
133
94
112
178
109
95
117
98
101
179
135
168
230
0
97
0
0
97
108
0
0
100
92
219
101
113
118
118
116
202
178
100
131
0
103
104
210
112
232
212
116
222
91
189
97
221
0
127
103
100
0
0
103
219
0
149
101
159
91
214
100
92
175
188
0
0
107
104
164
197
138
119
103
101
119
101
94
0
207
199
225
101
97
139
190
0
0
100
209
100
204
91
0
129
0
117
107
215
138
0
0
116
104
179
103
212
195
0
112
111
110
113
144
0
100
0
0
136
0
109
128
0
115
109
101
192
143
209
100
0
90
118
109
0
125
115
127
135
113
132
0
151
117
197
227
103
153
101
113
0
110
105
0
0
200
208
96
97
0
0
204
103
144
97
105
103
110
0
0
0
118
115
116
142
179
110
197
104
115
108
0
107
115
170
110
130
0
99
110
102
138
154
115
186
0
111
173
0
110
119
91
97
99
154
186
191
91
112
0
226
0
100
140
220
185
201
223
100
94
0
184
0
187
117
119
188
232
107
116
0
93
90
111
111
214
191
0
128
0
200
173
0
101
97
102
110
164
0
100
124
228
200
111
0
101
137
221
113
0
145
120
123
123
101
112
224
115
134
0
94
0
117
157
164
105
127
191
200
0
0
187
103
0
98
168
226
180
94
102
0
94
188
183
212
98
103
98
98
148
155
151
103
101
110
156
110
112
108
0
0
180
112
0
102
118
102
95
213
187
114
146
105
0
98
101
109
0
0
98
0
0
148
97
206
107
0
99
0
91
100
0
219
0
0
97
112
97
222
0
97
99
110
94
108
0
0
95
115
106
167
134
178
143
105
116
187
97
106
227
0
135
212
215
96
115
102
112
116
216
105
204
191
103
110
102
115
225
100
117
96
119
108
195
109
116
100
151
136
101
0
108
112
222
109
150
107
111
104
106
93
145
117
102
135
102
0
117
0
97
201
143
110
0
0
109
100
106
219
120
0
118
0
117
103
230
0
94
199
100
0
99
109
110
92
167
0
122
197
111
181
0
0
119
109
141
97
98
125
220
0
91
198
112
0
102
225
115
108
0
90
132
0
0
102
217
218
109
170
106
122
0
0
97
166
112
101
131
98
101
207
0
119
0
108
130
113
198
115
231
131
102
126
145
164
102
0
105
108
152
0
0
0
110
103
116
162
212
101
115
110
117
173
0
104
96
118
120
232
102
111
110
0
118
117
110
0
103
93
173
94
0
134
102
99
190
120
108
98
162
103
174
210
177
198
104
209
98
226
217
197
101
148
0
94
110
0
0
0
229
0
107
106
108
107
102
92
111
115
112
109
113
97
89
118
108
0
166
156
126
230
98
147
111
117
201
0
110
101
0
0
0
100
109
111
177
224
0
126
0
151
168
162
101
103
96
110
0
100
109
111
113
122
103
116
128
224
96
96
107
0
113
0
116
108
117
156
198
112
0
99
91
0
97
172
0
115
96
0
103
112
99
96
110
99
115
0
99
99
181
113
99
166
100
109
110
0
95
230
0
0
103
214
195
153
155
0
152
105
120
157
0
118
196
112
123
106
133
98
99
147
165
109
91
0
106
103
212
118
0
97
0
185
0
98
174
102
110
0
113
101
111
0
109
98
112
189
105
145
97
108
104
209
98
110
222
110
115
96
203
111
108
118
98
0
196
99
91
214
194
209
97
98
100
201
0
93
0
0
92
0
148
109
117
106
0
176
204
115
126
112
126
98
103
133
98
109
107
193
116
226
221
104
99
127
117
115
91
167
201
0
104
118
0
169
97
106
110
91
109
110
195
118
101
232
163
110
225
164
115
99
229
176
97
116
101
101
123
0
0
108
0
97
108
220
107
208
158
198
0
102
0
113
200
99
117
199
112
113
229
201
94
0
0
212
150
221
98
203
165
110
195
157
143
100
98
119
124
154
109
96
104
151
181
101
0
102
98
201
93
169
162
179
227
0
136
201
0
197
103
118
0
143
171
118
97
105
105
139
189
103
90
109
130
102
161
108
0
105
109
109
136
0
182
165
113
0
118
232
111
158
173
118
115
118
188
111
0
163
116
117
148
98
222
150
94
94
158
121
155
91
109
215
111
113
206
107
118
157
0
225
231
116
100
98
109
110
100
104
111
111
107
0
0
222
121
106
99
0
105
198
138
202
113
91
178
95
108
149
115
139
118
156
101
97
103
0
163
105
100
102
116
112
116
102
0
0
148
189
102
186
0
93
113
111
113
115
110
109
204
0
215
99
156
92
108
111
149
0
111
0
150
126
118
216
177
200
117
159
141
0
0
0
211
103
183
156
131
109
231
0
89
93
215
185
227
112
110
134
0
232
117
100
110
0
160
108
191
104
110
93
94
174
177
148
198
100
106
118
0
0
115
0
94
103
110
205
135
101
181
0
141
0
102
98
0
108
100
101
97
105
154
97
229
0
160
112
0
110
216
195
231
93
186
105
184
159
105
212
103
119
118
117
216
208
109
137
145
220
133
101
108
105
102
215
116
224
0
103
115
0
120
0
112
116
147
155
0
140
94
172
107
225
118
177
216
143
110
115
0
190
232
221
195
112
147
107
101
0
108
216
228
0
118
101
119
165
0
115
0
0
110
100
109
0
210
0
118
205
230
210
0
131
115
116
0
231
0
121
98
97
0
178
231
113
102
105
224
0
110
110
154
194
99
116
97
153
0
110
118
228
210
219
199
0
126
152
90
101
108
118
112
190
111
172
178
105
0
161
0
206
116
0
97
104
101
98
0
102
0
92
99
90
192
214
127
118
104
94
111
0
119
0
125
215
111
98
118
90
0
138
157
116
221
0
116
0
107
109
221
106
102
227
0
104
117
105
136
100
109
0
108
0
0
180
119
116
0
0
108
171
99
228
184
0
232
104
177
130
0
0
0
193
202
100
182
94
113
98
154
0
0
203
0
115
148
115
102
220
0
187
99
0
208
113
155
116
171
106
166
97
220
117
217
97
126
189
169
128
106
0
174
0
100
113
202
107
0
107
0
183
128
188
165
227
94
103
223
115
157
0
222
103
116
228
191
117
115
103
98
93
116
110
146
165
165
118
221
231
149
0
107
107
110
125
112
103
0
137
106
99
118
105
0
224
0
0
109
116
107
232
0
213
108
0
98
104
108
0
99
157
201
117
108
99
0
178
183
0
115
111
91
129
96
123
0
134
132
226
101
132
0
94
109
182
94
224
157
111
189
107
101
116
0
102
0
136
206
208
93
99
156
218
108
226
0
137
201
127
104
201
0
111
189
111
219
117
90
90
199
93
0
116
0
123
93
200
116
0
172
185
112
115
109
140
103
232
92
191
116
94
129
158
131
114
103
186
186
119
108
0
174
0
230
94
228
103
202
115
107
103
103
111
98
0
219
102
104
94
105
206
97
116
154
94
90
113
120
127
183
97
223
110
0
210
232
231
117
175
139
157
193
152
214
102
93
230
119
202
154
124
105
112
115
0
231
182
0
101
140
118
102
95
226
94
190
0
97
166
151
100
189
112
94
149
100
216
170
94
92
99
94
184
0
0
225
102
100
0
107
101
0
98
0
173
90
219
171
174
99
123
0
139
104
105
0
117
132
163
189
102
0
0
98
198
119
104
0
94
183
112
116
180
149
187
0
206
232
100
0
116
228
173
110
0
205
152
158
153
101
145
100
205
92
108
111
122
167
0
108
137
97
213
0
101
104
99
223
182
103
228
106
0
0
98
142
224
135
120
205
168
0
94
179
136
158
119
231
115
0
118
0
91
147
125
98
0
0
114
107
199
97
102
108
100
152
183
188
0
0
115
116
204
115
109
223
90
116
0
205
190
131
0
102
177
101
0
144
108
143
110
108
94
220
140
227
200
165
90
90
211
0
216
0
105
110
0
228
109
107
117
100
193
203
0
101
0
150
103
104
197
119
97
0
156
209
144
0
182
212
109
149
94
100
117
108
0
106
164
146
116
120
112
194
113
119
147
0
152
211
112
182
186
229
98
224
0
221
101
131
171
105
97
217
126
144
0
183
199
113
231
100
93
108
116
0
194
175
103
219
102
97
110
94
113
96
97
97
101
0
111
0
98
114
141
0
0
168
102
94
115
232
139
107
99
109
121
174
115
0
223
0
0
112
98
127
207
0
113
126
98
0
142
121
0
131
90
93
112
97
184
0
92
114
171
92
116
132
163
104
105
90
116
225
94
124
203
201
124
118
0
101
203
113
92
94
108
100
100
192
119
101
218
125
0
99
98
220
125
212
107
116
115
90
146
106
0
91
111
98
147
90
119
228
197
131
161
213
117
0
119
162
218
97
0
111
106
231
119
181
153
117
97
136
232
103
0
98
0
101
0
118
188
144
147
196
187
162
0
113
145
113
101
218
181
192
100
94
110
110
0
224
118
123
104
183
111
102
108
110
108
176
99
112
146
100
109
211
166
98
129
106
116
160
218
134
101
118
229
103
230
217
113
142
102
108
99
182
91
147
129
99
94
103
0
0
100
122
106
97
110
100
117
100
208
108
209
92
117
147
101
91
162
203
130
94
215
113
111
101
222
112
