0
1
2
3
4
5
6
7
8
9
10
11
10
12
13
14
6
6
15
16
6
17
10
1
18
8
19
20
21
15
6
22
23
6
24
25
26
27
10
6
6
6
28
0
6
29
10
30
6
31
32
33
34
7
10
8
35
36
6
31
37
38
39
40
41
15
42
20
10
15
33
43
14
35
44
45
46
28
6
36
47
1
37
6
10
10
48
49
50
6
51
6
10
13
13
52
13
16
51
20
15
11
53
8
54
35
6
43
54
51
12
37
20
55
56
6
57
58
10
51
37
28
15
6
59
8
49
18
20
60
6
12
49
61
62
6
6
63
6
7
31
35
20
6
64
53
65
66
6
6
67
17
49
17
21
6
5
6
6
40
18
15
47
68
69
8
6
10
70
37
71
6
37
37
55
8
6
21
2
6
60
72
15
53
73
7
45
8
6
71
10
10
6
74
6
65
6
0
75
11
76
6
6
6
60
38
16
28
6
8
77
21
22
43
15
10
78
8
37
74
46
18
29
6
49
6
37
32
24
16
1
61
37
79
15
10
55
20
43
37
43
80
81
51
15
6
61
20
74
51
37
43
19
15
10
40
6
45
6
47
82
15
35
43
58
28
73
83
55
58
24
84
29
6
21
19
61
53
13
15
15
35
37
41
20
6
35
15
37
10
78
73
36
85
10
6
17
49
15
47
54
86
37
87
39
49
20
11
10
71
78
22
17
8
17
85
21
88
60
61
21
8
22
6
6
8
61
37
10
13
66
49
8
53
7
12
73
37
11
61
28
72
89
33
35
31
37
51
74
53
10
10
76
90
37
13
6
49
91
8
61
36
82
49
8
55
6
74
61
12
37
18
37
92
0
50
8
37
20
6
74
54
17
8
93
81
6
37
8
55
94
83
91
15
61
58
41
76
6
28
28
45
17
37
15
49
23
15
10
69
35
15
28
21
10
70
21
9
8
35
51
61
17
17
6
43
95
96
7
53
16
22
10
82
21
25
61
15
40
58
49
10
92
6
35
35
15
82
74
0
43
55
6
10
6
61
78
10
1
13
6
20
28
6
6
27
70
55
6
8
36
40
97
61
1
15
78
22
15
21
37
78
71
25
80
8
58
6
46
51
6
61
17
6
13
73
17
98
6
28
87
51
62
9
99
15
72
21
6
73
71
21
37
73
100
33
10
8
6
19
10
101
102
62
77
13
6
53
0
6
10
98
10
73
8
103
8
28
7
6
85
6
8
15
20
20
37
21
71
10
12
10
97
28
10
37
55
53
6
10
21
37
51
0
20
73
10
28
37
6
35
5
104
10
53
13
92
38
6
73
16
77
15
38
21
8
66
24
42
105
1
9
106
33
64
107
41
92
1
58
40
83
49
55
20
7
73
50
8
6
73
49
45
78
6
1
108
10
15
43
15
22
73
10
15
60
73
49
15
76
109
103
11
51
20
6
49
85
49
8
21
15
53
11
110
49
10
38
54
49
37
100
36
11
6
51
35
12
21
49
111
9
15
61
14
43
61
19
6
103
20
37
15
61
10
112
113
7
114
28
43
92
6
20
55
85
20
7
53
51
43
28
16
6
35
98
32
43
28
21
6
6
69
8
15
37
49
23
115
43
36
10
10
35
15
8
10
20
6
59
10
115
116
20
8
81
64
11
10
25
28
53
55
55
20
45
7
20
10
38
6
40
73
10
37
6
62
48
26
37
18
28
1
42
22
6
73
37
37
51
20
6
73
8
49
77
49
6
21
15
78
20
74
29
37
6
37
47
103
59
20
60
117
15
15
8
21
82
58
6
54
83
6
15
118
53
21
43
21
19
59
37
10
43
6
15
74
15
10
11
15
61
49
28
21
72
116
10
99
8
119
10
17
49
78
51
20
15
29
28
21
10
20
91
10
11
37
6
51
18
95
61
10
73
49
37
11
112
78
55
10
6
21
20
13
51
120
10
72
8
13
21
13
20
35
73
53
35
78
8
28
10
55
37
103
37
15
90
9
15
61
10
49
121
8
21
63
8
57
82
61
46
122
90
91
10
123
28
66
17
83
61
16
49
19
20
21
45
7
35
23
6
69
20
21
24
15
37
74
91
112
36
98
81
37
37
10
11
21
60
16
20
17
48
37
6
124
27
62
8
6
13
14
15
10
6
8
42
6
8
60
20
10
27
21
103
58
50
11
36
10
37
103
107
17
37
100
125
13
51
8
37
7
49
73
51
36
20
8
11
49
55
6
6
17
10
46
45
10
37
35
49
72
22
55
49
85
91
16
10
28
53
45
37
37
20
17
13
37
10
73
10
20
20
49
0
6
15
30
42
20
8
112
61
28
49
15
103
78
51
13
53
8
21
53
37
41
35
20
29
35
58
15
46
51
21
17
10
42
28
10
37
10
35
55
10
5
5
8
55
121
6
12
16
35
43
30
55
18
10
76
40
27
8
73
10
49
39
6
31
35
58
54
37
51
76
41
10
10
53
5
58
20
51
21
90
91
1
6
126
61
19
6
15
6
50
20
10
84
73
81
43
70
49
37
11
127
54
37
81
58
128
92
105
21
49
83
70
42
6
21
73
123
23
24
6
35
40
117
49
10
54
50
59
74
98
8
6
6
43
64
24
21
19
124
6
73
20
46
103
15
103
129
31
15
6
37
49
13
58
8
35
6
35
37
6
118
23
130
15
21
0
28
37
91
14
49
11
10
20
35
21
50
37
131
59
43
19
20
1
24
15
37
15
62
6
41
21
26
18
103
71
112
55
112
37
10
10
20
6
6
43
37
73
10
37
27
53
20
51
12
10
32
43
10
55
11
19
28
10
49
0
46
103
23
15
8
49
19
31
49
116
6
8
76
39
49
10
98
11
54
132
133
15
51
8
8
6
37
37
13
15
15
21
91
53
6
74
69
54
37
10
58
6
43
55
6
74
58
10
6
28
11
8
133
33
6
37
10
24
49
20
6
60
17
37
14
103
10
31
10
49
77
103
8
134
37
15
72
28
20
10
65
20
121
77
8
32
116
73
46
53
74
28
6
15
51
135
28
82
37
16
35
20
37
6
13
82
45
53
53
136
27
54
26
58
97
6
6
35
1
41
6
11
116
60
35
112
1
51
134
62
37
77
137
28
28
20
10
26
19
53
10
35
58
103
53
60
98
15
23
20
51
59
37
31
49
17
0
35
35
53
42
47
92
72
52
61
37
117
122
56
10
58
19
10
10
21
10
11
124
6
54
8
15
73
6
10
78
32
37
51
74
51
37
10
37
10
6
37
10
78
28
45
35
58
38
49
35
61
71
0
61
60
16
13
35
6
18
35
42
2
10
6
14
22
103
55
11
66
21
15
43
40
37
24
10
10
31
70
51
61
18
124
1
60
6
49
20
56
10
55
15
49
61
92
21
21
0
49
28
28
10
69
19
61
6
8
60
52
78
11
53
28
73
49
61
22
8
49
50
70
47
37
37
61
21
15
8
15
45
10
15
138
7
20
6
18
49
92
118
23
102
49
12
20
88
78
24
37
10
116
55
20
82
33
70
10
10
23
8
13
78
37
139
51
10
51
37
11
18
10
52
81
51
98
10
140
120
47
1
53
49
6
36
7
10
49
11
78
69
20
61
112
6
10
53
8
76
13
60
49
47
62
141
10
87
41
11
20
51
49
12
53
36
10
73
60
10
25
138
142
10
11
51
6
54
37
43
37
15
29
6
8
58
37
76
43
78
49
49
10
108
54
51
15
10
91
49
6
42
10
28
20
82
124
10
16
8
13
46
6
50
35
10
14
76
78
1
6
61
51
8
15
0
8
37
40
37
123
41
54
16
49
20
20
1
0
28
35
6
93
15
20
143
35
37
46
43
82
6
20
51
97
6
51
15
53
21
6
8
37
23
105
73
55
45
10
70
73
0
13
91
37
10
62
51
8
61
13
144
61
7
6
15
48
0
59
20
37
6
83
10
82
15
49
28
58
37
12
81
22
14
38
11
6
13
37
10
91
103
61
15
10
58
1
51
61
8
116
15
6
55
91
15
62
10
28
70
31
103
6
40
61
58
43
145
53
53
101
43
10
54
23
85
28
73
116
11
61
107
1
37
51
43
146
55
11
77
37
28
51
49
10
22
61
116
12
10
12
50
53
53
49
36
81
73
60
92
77
61
6
17
10
43
147
95
33
51
17
10
17
91
112
27
37
0
13
40
43
22
93
55
21
54
21
20
20
82
11
35
19
133
70
21
100
124
11
24
21
10
6
28
27
20
28
85
23
35
51
53
8
51
30
37
62
82
6
85
28
15
10
10
21
20
18
10
41
10
0
62
148
35
20
35
28
55
16
16
54
47
61
51
6
50
47
149
51
133
10
36
6
11
27
77
37
10
18
20
51
28
10
6
2
20
73
6
2
59
21
120
10
15
24
28
20
37
20
11
53
25
73
35
37
15
24
37
0
28
17
64
15
51
100
28
61
58
0
48
25
15
60
49
50
10
98
150
55
10
60
116
10
18
70
16
145
7
88
26
70
107
76
29
38
54
10
28
24
8
6
50
37
28
6
47
6
11
15
6
61
105
7
74
28
151
105
6
56
28
41
61
28
20
61
37
40
37
17
37
53
8
1
37
92
152
16
6
93
6
43
54
91
85
0
76
10
55
61
20
28
37
13
153
37
154
25
0
17
28
20
6
108
21
117
1
53
54
155
43
28
51
6
85
49
123
20
39
20
119
8
54
43
29
41
13
35
24
6
114
13
85
15
49
15
8
0
43
98
43
37
6
77
124
37
37
10
70
30
27
61
36
37
145
92
20
14
10
10
11
78
103
156
19
54
157
37
73
78
20
53
12
15
37
21
71
20
36
158
83
39
11
51
24
11
35
6
16
51
6
48
42
6
91
100
43
8
30
59
21
119
49
21
28
10
60
107
10
10
16
16
74
110
91
37
3
49
15
68
112
53
55
15
40
10
15
8
61
2
25
0
103
1
15
98
92
10
24
14
98
99
53
133
47
59
55
13
37
8
72
10
51
81
134
98
58
36
39
8
24
36
81
10
54
40
37
66
92
20
8
43
33
12
15
10
10
33
6
10
87
58
57
17
28
21
51
38
10
1
37
88
37
15
49
28
58
10
15
15
8
13
35
42
37
20
7
49
134
20
37
47
11
10
10
53
37
21
22
82
11
70
41
81
36
74
37
1
48
135
58
11
37
159
40
43
15
79
16
28
29
15
70
37
18
20
54
18
51
24
13
73
22
16
51
45
28
95
68
10
24
46
36
8
6
58
18
28
13
15
17
57
76
8
62
23
83
37
37
43
120
120
53
7
62
37
64
29
103
97
35
37
24
16
121
20
61
9
123
45
55
78
10
24
121
15
17
160
8
40
6
54
107
55
15
10
28
73
15
37
8
8
92
35
24
73
49
23
10
7
31
58
10
58
21
10
45
81
17
28
48
49
6
10
46
100
0
20
21
37
21
49
21
6
54
74
23
12
31
93
10
37
100
8
51
43
6
10
8
6
61
73
20
69
58
10
37
13
43
10
9
0
133
43
28
73
43
15
59
1
8
15
49
12
55
61
72
21
70
41
55
161
8
19
10
20
10
28
36
58
35
8
103
81
